5888,-576460165453,0.9027771490402535,3.1608624267101226,0.008156196674820579,0.033048888758004075
5889,-576460165395,0.8982890674570762,3.171941869340487,-0.007303101122640801,0.062107493721862486
5890,-576460165309,0.9044389383622405,3.1988354211360113,0.010869621134721431,0.11831857836793286
5891,-576460165227,0.9051856548397875,3.208338024995882,0.009799234938252526,0.11704900697340029
5892,-576460165158,0.913789133790824,3.232579090396417,0.025858452742477965,0.14962708745940081
5893,-576460165068,0.9189766552950784,3.2420292994014033,0.03113130354058479,0.14202660983857215
5894,-576460165002,0.9215467841769578,3.252361796906383,0.031752592926134346,0.1422854949002103
5895,-576460164927,0.9309757800991393,3.2569649065149395,0.04184401474124227,0.13197964720702887
5896,-576460164848,0.929057332335228,3.2623341427147454,0.03415454022714089,0.12254205330084016
5897,-576460164775,0.9379555789810595,3.2659085705999105,0.041755150374379255,0.11521570139857425
5898,-576460164682,0.9408440144462397,3.2761121027476996,0.040765149957572265,0.11231706186918732
5899,-576460164620,0.9615639676548646,3.27402103578503,0.05965813584942776,0.09978591000310257
5900,-576460164542,0.9507544188819528,3.271452175904465,0.0447122705057905,0.08713571045515682
5901,-576460164470,0.9579091265353579,3.2759389938647367,0.04821689828434005,0.08420612253110678
5902,-576460164379,0.9523257667277253,3.2772307711070363,0.0395406691898436,0.07585397396564666
5903,-576460164313,0.9620868196930761,3.279436401682743,0.045027629398413864,0.07049086009809696
5904,-576460164240,0.9596672622043323,3.281268906186275,0.04038961480621804,0.06583357649372786
5905,-576460164149,0.9572728642130521,3.2892822497133496,0.03568701932564467,0.06586890569981091
5906,-576460164094,0.9471216024867353,3.2857780286341094,0.02699670888701987,0.05866569392747877
5907,-576460164002,0.9659938555497947,3.2845186912788,0.03865998449156169,0.050285253843739344
5908,-576460163928,0.9592026334291858,3.283286091613388,0.03146656410452111,0.042342989849961425
5909,-576460163854,0.9746470980510935,3.2811235826176404,0.040057380579431166,0.03521831322034486
5910,-576460163776,0.9701814716973343,3.279641570939101,0.03468002793437755,0.02949400185312646
5911,-576460163701,0.9852286467896341,3.276375305542899,0.04278837903017972,0.022635141816440482
5912,-576460163626,0.9808508108926465,3.273799911096167,0.03753154827729677,0.01724375130130646
5913,-576460163554,0.9913432934910829,3.2717048170164853,0.041675334929291305,0.011748037071949286
5914,-576460163478,0.9838755754549995,3.2665501488480544,0.035159787081522245,0.0052124395483211135
5915,-576460163401,0.9859657252573316,3.267123229386822,0.034409894702672215,0.0037807848817748057
5916,-576460163322,0.9894202431383515,3.267805459107207,0.034680222590672494,0.002708366036338357
5917,-576460163244,0.9967351581888967,3.2658813167346143,0.037022655397672286,-0.0019091040343720447
5918,-576460163172,0.9844662545032171,3.2567666247464993,0.028821904818796276,-0.012590431362680614
5919,-576460163084,0.9793358207799131,3.2590922704008727,0.02428053789065507,-0.011064295161457509
5920,-576460163028,0.9781091299048027,3.256842735667908,0.02248527893893326,-0.013452742464173313
5921,-576460162945,0.9695040696464627,3.2605214124023285,0.01633018774715629,-0.010002420057513225
5922,-576460162882,0.9777499400992816,3.2643683209111987,0.019621671362142077,-0.007672147811785323
5923,-576460162799,0.980044824676962,3.2632949190193545,0.01972453721584422,-0.010738662347293692
5924,-576460162713,0.9881645455219387,3.2669667686801933,0.023276393887351907,-0.008333610877509893
5925,-576460162641,0.9819345651176529,3.270233615043939,0.01818743691989274,-0.006372827737781258
5926,-576460162544,0.9792776727797041,3.26681513943962,0.015341192240617117,-0.01131154890515257
5927,-576460162492,0.9788339385811547,3.2667905493663505,0.014237058495534314,-0.011869661796303117
5928,-576460162416,0.9782087890010361,3.2645201354995117,0.012879849445039327,-0.014513234408210965
5929,-576460162338,0.9798004892778699,3.263048242871639,0.012861662980304774,-0.015928070622900376
5930,-576460162267,0.9831426209517835,3.2634658030586605,0.014033508191448262,-0.015848146147764454
5931,-576460162185,0.9840778256067851,3.26223311608843,0.013644843607678075,-0.01688058674858174
5932,-576460162108,0.9874674838768774,3.26247844665739,0.014968274023342113,-0.01737544454361594
5933,-576460162038,0.9817293575097593,3.264663247842585,0.010546296347091724,-0.014653199399266834
5934,-576460161952,0.9800785844090592,3.2616444047996755,0.009020132766765103,-0.01796333720007216
5935,-576460161879,0.9756044324774518,3.2628723768873504,0.00561671095692622,-0.0169267151959024
5936,-576460161800,0.9698847931402684,3.257249965209113,0.0017359227500527066,-0.022741364255898663
5937,-576460161722,0.9647408214043023,3.258147819323782,-0.0016382579998602683,-0.020832922733844975
5938,-576460161646,0.9570059486161198,3.2512753537329124,-0.006411204122016235,-0.027546001152720156
5939,-576460161566,0.9438704529094094,3.255660404036581,-0.01431432989285341,-0.021719873194349232
5940,-576460161498,0.9502240225250509,3.259169481799506,-0.010268086487906107,-0.01690745935375408
5941,-576460161328,0.9556811622557175,3.261977240763861,-0.006862525793920794,-0.013767926165081656
5942,-576460161255,0.9521454962138481,3.262426591513913,-0.009084692011710385,-0.013567455365280314
5943,-576460161177,0.9513322347413861,3.2612685797526435,-0.009340296251531226,-0.014796070232755506
5944,-576460161098,0.9565391988398805,3.257116006560328,-0.006336100743978982,-0.020172855838049484
5945,-576460161028,0.9634929510119895,3.2610384737303546,-0.00229244154360269,-0.016255393191034494
5946,-576460160951,0.9565948272745978,3.2629050067893144,-0.006783483185340625,-0.013801300405856242
5947,-576460160864,0.9611472017918864,3.265254213959761,-0.004286358453404384,-0.012785130846546741
5948,-576460160799,0.9611768012446043,3.2643861301335426,-0.004447510425111976,-0.014089410448038317
5949,-576460160726,0.9619062449175052,3.263879340485094,-0.004329805999889314,-0.015454354072637578
5950,-576460160656,0.9613316953161775,3.2628510962573034,-0.0048718566566541815,-0.01744208905098902
5951,-576460160562,0.9624661563612082,3.2622317288181994,-0.004428977775887246,-0.018516021321498054
5952,-576460160503,0.9665540629953603,3.2589955365032117,-0.002206390231619566,-0.021742158224646493
5953,-576460160432,0.9775672888271243,3.2647835898409108,0.004472668059319122,-0.016613406147432914
5954,-576460160351,0.9662570661298733,3.269116356230851,-0.0030701646317679975,-0.013180187523079853
5955,-576460160255,0.9679785871216214,3.269103684649661,-0.0020396252859158867,-0.014629063543906614
5956,-576460160193,0.9707902342626887,3.2666720294604894,-2.511181970906084e-4,-0.017840364227835786
5957,-576460160109,0.9685219151917955,3.263635341329509,-0.0019234690146208108,-0.021022155683249485
5958,-576460160046,0.9599273327286293,3.2663462518039488,-0.0075895217628186235,-0.017822721313128786
5959,-576460159960,0.9589809555507575,3.2645773234069173,-0.008383344177551346,-0.01945088265717556
5960,-576460159897,0.9537251709207151,3.2655460978546373,-0.01178224255450597,-0.018990454490605026
5961,-576460159809,0.9541871575629542,3.264945622171781,-0.011414787026986836,-0.01950769592019877
5962,-576460159731,0.9613618694983456,3.2591939688639835,-0.007125985212552255,-0.02561706297219175
5963,-576460159656,0.9599334329817766,3.2565817323846518,-0.00821735747936016,-0.028131916795755857
5964,-576460159582,0.9535686346636743,3.2572079549070074,-0.012295308617454738,-0.026797551964270437
5965,-576460159492,0.951537155398583,3.254169028145525,-0.013539616456556283,-0.028816698996255777
5966,-576460159420,0.9400810031107347,3.2570816582474627,-0.020365335418835485,-0.024433504774634816
5967,-576460159343,0.9407490793512989,3.256837744058129,-0.019646893192005303,-0.024206524730863148
5968,-576460159272,0.9307583868891086,3.2589909920526154,-0.025815066957071024,-0.02088609021955458
5969,-576460159187,0.9318462366193101,3.2593934568070244,-0.02356077101463209,-0.020404758885804272
5970,-576460159122,0.9307856873003177,3.2576679663775545,-0.023548566411696534,-0.022049238267830718
5971,-576460159042,0.9402302621584071,3.2637553327920257,-0.017273622687985137,-0.015209620895952196
5973,-576460158880,0.9486105898157532,3.264732842137571,-0.012080864225715054,-0.014987444740258305
5974,-576460158801,0.9414899836543208,3.266359428987048,-0.015873105317719294,-0.014108717317738051
5975,-576460158727,0.939944974519378,3.2649634238962593,-0.01628463925906602,-0.01676232239593451
5976,-576460158661,0.9301618597640943,3.2681180290584697,-0.022228532214450425,-0.013395866570854512
5977,-576460158564,0.9291311368358575,3.2675772285053544,-0.022548603999518635,-0.014358754876493632
5978,-576460158499,0.9305902602530223,3.2651263374421235,-0.02123659816251913,-0.01757257804450918
5979,-576460158423,0.9330071372905046,3.26655654881231,-0.018996296132340492,-0.01643392640458
5980,-576460158338,0.9348592272950293,3.263384352873711,-0.017289092775273317,-0.02017263891019318
5981,-576460158266,0.9264686869523733,3.2569187935245516,-0.021686021486856888,-0.026231081539774135
5982,-576460158191,0.9152402441366912,3.259565735357888,-0.028102487873705295,-0.022787551810008546
5983,-576460158127,0.9074681350878746,3.253937614542956,-0.03209284227637733,-0.027950503132804564
5984,-576460158041,0.8899883930805943,3.2583683843326403,-0.04150819143164555,-0.022578904403157622
5985,-576460157962,0.8859602733243582,3.2559562770588277,-0.04202391878332698,-0.02533518583057582
5986,-576460157886,0.8849544904402014,3.252980103551371,-0.04087537678950334,-0.02779292484683057
5987,-576460157811,0.8893311426618488,3.2561351974595887,-0.03709233515783911,-0.02408285272507632
5988,-576460157733,0.9056793722835396,3.245124752042513,-0.025787982045615748,-0.03501137557194198
5989,-576460157648,0.9119471590999786,3.2480636804010325,-0.021273368650098927,-0.030484500921250737
5990,-576460157569,0.9036143443567184,3.2485797828361624,-0.025136320147261085,-0.029741167578375003
5991,-576460157488,0.9126399009090846,3.2538326968369122,-0.018641815142448018,-0.024476490591729096
5992,-576460157413,0.8923709009745507,3.2607863373917363,-0.030854359945523657,-0.016924956427422658
5993,-576460157335,0.8972885887417936,3.2646090927098657,-0.027033078567570763,-0.013008900764897862
5994,-576460157178,0.8958154872024356,3.2646334649164426,-0.026658086259437698,-0.01419953709489837
5995,-576460157096,0.8963900176038949,3.262386326810931,-0.025402966152154434,-0.017683963777936955
5996,-576460157020,0.9006511820934094,3.265820698363645,-0.022250641808061793,-0.013257190436973033
5997,-576460156943,0.9068215170783213,3.261070133192155,-0.017438865766209018,-0.018340164576288898
5998,-576460156860,0.9106602197147935,3.263383580919397,-0.014064444513003364,-0.01579434149351604
5999,-576460156783,0.9137571446976857,3.260101102150016,-0.011871629878394881,-0.019789358862984073
6000,-576460156710,0.9146544704680872,3.2599700163270144,-0.011135806703464904,-0.02047288929629319
6001,-576460156630,0.9202191375513924,3.254935042786132,-0.00732700907311731,-0.025780524974297832
6002,-576460156556,0.9280758729539235,3.258795044184897,-0.003245701465479432,-0.020866547746212966
6003,-576460156478,0.931053051951354,3.2555428424336714,-0.0019925219165910432,-0.025162134680139222
6004,-576460156401,0.932743607035441,3.2548676644782666,-0.0013598461919174353,-0.02473312215825462
6005,-576460156200,0.9393069562398899,3.2552385278976783,0.0015320191968029623,-0.02173883055455644
6006,-576460156042,0.9540389382400599,3.264781610679596,0.009675291938032106,-0.012729856478732988
6007,-576460155926,0.9597581989670835,3.2678940244737533,0.011955998444624787,-0.009425442328620661
6008,-576460155843,0.9451294733320922,3.274074289306541,0.0027566851407138607,-0.0038361634151091555
6009,-576460155770,0.9459797685110561,3.274312553809242,0.002934843538815622,-0.003961723373032294
6010,-576460155706,0.9339181736860448,3.2793588598573566,-0.004058800737121806,-3.5061817883068856e-4
6011,-576460155622,0.9337299784434926,3.279373697898484,-0.004051372505919721,-0.0018429452813797983
6012,-576460155544,0.9373267624134587,3.277553061813864,-0.001863522480385182,-0.004674478782347701
6013,-576460155349,0.9361908841157603,3.2765733138381057,-0.0022858689915304722,-0.007705715338719795
6014,-576460155274,0.938438512648497,3.2775909540954813,-0.0011813986658332526,-0.007501667718050394
6015,-576460155193,0.9461147413042219,3.2731497054740157,0.002841869600151452,-0.011537295293967752
6016,-576460155109,0.950429759454591,3.274823982492148,0.005230123473958772,-0.009481142903699873
6017,-576460155040,0.9493499148389584,3.274908428919683,0.004276566408359599,-0.010045250386664628
6018,-576460154974,0.9526572118393279,3.2761152866214056,0.005682950632636271,-0.009262698406778711
6019,-576460154891,0.9465826177418403,3.278283243791943,0.001518607867180916,-0.008448556520973117
6020,-576460154815,0.9464532578011461,3.277336793288201,0.0011393151965133177,-0.010400832780823545
6021,-576460154736,0.9462247454719191,3.276630245698505,9.234539934516218e-4,-0.011718005264790598
6022,-576460154653,0.9490737120297834,3.277363345936164,0.0023367805649654114,-0.012054801985465501
6023,-576460154584,0.9600567081272111,3.2713287451494497,0.008414972903942032,-0.01893658888685837
6024,-576460154515,0.9576057995146053,3.268377857435252,0.006612837506519913,-0.021656803423774153
6025,-576460154431,0.9479566604359752,3.271183226592241,1.2886721327745512e-4,-0.017704614751080303
6026,-576460154365,0.9400620519813473,3.2648907630863295,-0.004758854952848154,-0.02307486444257219
6027,-576460154286,0.9404952330447803,3.2626567243786972,-0.005010527925177817,-0.024972793542778402
6028,-576460154183,0.9538834983112577,3.269383774250919,0.0026303851215527738,-0.017580211643090263
6029,-576460154108,0.9458897873499439,3.2720699582867905,-0.0022816537877214564,-0.015138519717469446
6030,-576460154032,0.9448000004349105,3.2703062511141163,-0.003735270679490053,-0.016804919381479537
6031,-576460153943,0.9424264613068201,3.2697318153318213,-0.005492022309896298,-0.017395130714398646
6032,-576460153882,0.9419701228700413,3.268501280268347,-0.005999272556075798,-0.019606841282186017
6033,-576460153723,0.9469092522905626,3.269795688549157,-0.0035499575136640586,-0.01750718572362949
6034,-576460153644,0.9347973757740096,3.274108479615368,-0.0110996753443625,-0.012766671682824979
6035,-576460153569,0.9386896901828642,3.276646006043914,-0.008806385501435058,-0.010134569634840903
6036,-576460153490,0.9299065155162273,3.2797303516934946,-0.013867946002625989,-0.006765631140911026
6037,-576460153425,0.9272257754624141,3.2779750874345224,-0.016156676204110695,-0.010334335621780821
6039,-576460153274,0.9281295433392805,3.2861856198725015,-0.015168116865747247,-0.0033415172259066072
6040,-576460153186,0.9311068902718854,3.2837363044224057,-0.013566807895491577,-0.007934273540881625
6041,-576460153119,0.9329912632298996,3.2851031481061006,-0.012992283385614093,-0.00779821219060522
6042,-576460153034,0.9299311433809455,3.2852724462985097,-0.014599806348866732,-0.009187543961711928
6043,-576460152962,0.9258205448943161,3.282448738854872,-0.01633704521712799,-0.012852263707574023
6044,-576460152883,0.9214087649806734,3.2829125547059474,-0.018546112174972977,-0.012468115779017757
6045,-576460152816,0.919304275020253,3.281455526704322,-0.01964035337936157,-0.01439583977084644
6046,-576460152732,0.895899244209711,3.2905032308316224,-0.033108669040456194,-0.004283753458710083
6047,-576460152650,0.8864483089917505,3.2853935095828093,-0.03783186237510009,-0.01007347045240567
6048,-576460152569,0.8971335864626118,3.278198302250989,-0.02987972872011625,-0.01779614614285945
6049,-576460152481,0.891171804410891,3.2742471785464184,-0.03240156724176271,-0.021179504789035453
6050,-576460152423,0.9126187755294016,3.261677081375098,-0.018525963214858956,-0.03375264020590478
6051,-576460152334,0.9208744516107634,3.2654321361520138,-0.013534913206760035,-0.029045469533484372
6052,-576460152267,0.9216997528167428,3.262654629081143,-0.012816213670846194,-0.031065348668375462
6053,-576460152191,0.9135745854845435,3.2553874241591316,-0.01716520731686486,-0.03691069835420465
6054,-576460152116,0.9108959951760193,3.253179292496114,-0.018667164675727037,-0.03736283757120182
6055,-576460152032,0.9166529190962365,3.2550879241138855,-0.015094955486066904,-0.03386488696101292
6056,-576460151958,0.9137975973004171,3.2532882823685947,-0.016237312291607575,-0.03412573819914285
6057,-576460151884,0.9195328682916196,3.2554641343132222,-0.01211178880873064,-0.030955722706013693
6058,-576460151809,0.9216622629066622,3.2516226055513213,-0.010429056419221159,-0.03427016038065404
6059,-576460151731,0.9254918872119897,3.2520319771277952,-0.007920728078085615,-0.03393509265926187
6060,-576460151651,0.9202336495711987,3.251487007867132,-0.010842864573260676,-0.03280184417032776
6061,-576460151574,0.9218477792546256,3.250650543305837,-0.009424736772560042,-0.03216383289648466
6062,-576460151506,0.9167585234898188,3.250449911223545,-0.011834078593001736,-0.031020451996780166
6063,-576460151433,0.9242067308242373,3.2538305721019603,-0.0069898216288232515,-0.026267492658307703
6064,-576460151358,0.905363635788863,3.2605696710335534,-0.017853816718948392,-0.017864674211308933
6065,-576460151281,0.9114972737087865,3.2644004538622613,-0.01382396206446656,-0.013835817141306177
6066,-576460151197,0.9142970943522596,3.26149284839679,-0.01207782234816785,-0.01682567725348097
6067,-576460151134,0.9223349700154012,3.2664123298484644,-0.00738328739335153,-0.012445252010010163
6068,-576460151041,0.926047784597383,3.2630372307673956,-0.0046562615402978,-0.016303590933901966
6069,-576460150970,0.927009082463997,3.262700746187943,-0.004700945289317923,-0.0173657974350608
6070,-576460150890,0.934450130337116,3.257413502191975,3.091790053919583e-4,-0.023368355516403552
6071,-576460150823,0.9276592861573103,3.251437015002225,-0.0035068324802369666,-0.028862130238885987
6072,-576460150731,0.9197813959222473,3.2521213592164475,-0.008175104056664655,-0.026916682252534664
6073,-576460150662,0.9247282485927962,3.254055137497632,-0.005182124416707222,-0.0238070753214271
6074,-576460150600,0.9182539839217158,3.255512058390943,-0.00908326080692432,-0.02173035067244444
6075,-576460150514,0.9289542264254979,3.2616223035641254,-0.0029567594350029154,-0.015004248508981417
6076,-576460150438,0.9167216418948022,3.2663803548060737,-0.009686468330353953,-0.009550006540711052
6077,-576460150368,0.923658327970908,3.2709745582577696,-0.005634466578884757,-0.005476302044682292
6078,-576460150288,0.9285783915320336,3.267689442605008,-0.0022144900553099857,-0.01103255397562011
6079,-576460150203,0.9284295355338478,3.2667279353514718,-0.002070312351175964,-0.011961848786510932
6080,-576460150130,0.9321375230023965,3.263891762916875,8.14691500613785e-5,-0.015261106803270762
6081,-576460150054,0.9328812928548793,3.263185700174908,3.1201626550233055e-4,-0.016974947908394794
6082,-576460149973,0.9316533638701022,3.2623553583627722,-3.829787323825822e-4,-0.018753586951251188
6083,-576460707088,0.24051520141497384,-2.8275774213743485,-0.12487740157371172,-0.8067740923629243
6084,-576460706864,0.5708429861771559,-3.2656920152894298,-0.1002491682447494,-0.8310753757675494
6085,-576460706791,0.7758345816295196,-3.274823272870088,-0.023165205084755475,-0.7313585897061029
6086,-576460706722,0.6794862942101725,-3.271956580145585,-0.03930677356908692,-0.7179014330803423
6087,-576460706618,0.7935210528185366,-3.287800740266664,0.018033441609701564,-0.6306803194194149
6088,-576460706565,0.7172912917345904,-3.2938401704141986,-0.00773558937019057,-0.581621187026371
6089,-576460706475,0.8270357552524163,-3.2851298767921864,0.05683118002462902,-0.4779842254742603
6090,-576460706418,0.788037129397432,-3.2972706858631797,0.03217374751410741,-0.4396335096685946
6091,-576460706064,0.7420253792777987,-3.3500805189724323,-0.026680401087729535,-0.31167339657101234
6092,-576460706003,0.8757922700788896,-3.3053608099736316,0.06884804655907575,-0.2111710597451216
6093,-576460705927,0.8395655177390684,-3.287062853477013,0.029823374980231812,-0.16886555622256044
6094,-576460705845,0.9202533580093775,-3.2658586848635514,0.08520570148891593,-0.12221538972488422
6095,-576460705757,0.8812635988221337,-3.2450040744157573,0.042716523016627046,-0.08554984564225779
6096,-576460705682,0.9201427458525806,-3.236581854486173,0.06763382264082998,-0.06806845849928127
6097,-576460705611,0.9006581111202145,-3.2263734836663085,0.0457718497602844,-0.05185971914438037
6098,-576460705525,0.9239128416448327,-3.2228337059012824,0.05920612279949346,-0.04275328642001497
6099,-576460705457,0.9063018362786307,-3.2130465433956186,0.040183591201184005,-0.02871468015544619
6100,-576460705364,0.9182846739251883,-3.212413811648409,0.04498705896205873,-0.026596970776545967
6101,-576460705186,0.9401125477995843,-3.210582915643011,0.05329969285071988,-0.021508181662815748
6102,-576460705104,0.9349771574043227,-3.2071333456122284,0.045114506921570624,-0.01774329543900305
6103,-576460705028,0.9378191931772549,-3.208663497716193,0.0444719871455097,-0.018274294905851182
6104,-576460704948,0.9379940022498173,-3.208327392528262,0.041347417408342704,-0.016647617696090064
6105,-576460704881,0.9356109473685938,-3.211687106765589,0.037088299025213704,-0.01958365376346779
6106,-576460704799,0.9112573406492006,-3.198577827740468,0.017838493255429824,-0.006545841729156994
6107,-576460704727,0.9188259481304343,-3.1966153799548613,0.0217002705702034,-0.0044475231958762945
6108,-576460704646,0.9160158714059464,-3.194468488486325,0.017722902170392827,-0.0030927881943713584
6109,-576460704574,0.9279375233513433,-3.1907383850546522,0.023507518923448375,2.8654418861959706e-4
6110,-576460704485,0.9220315218689211,-3.1863002031576526,0.017085341062813144,0.0052455188256248335
6112,-576460704347,0.9171416253559136,-3.1791121043339907,0.011068702100409868,0.01141801353409267
6113,-576460704271,0.9126757920792791,-3.180299740206103,0.006970968381889119,0.008442029311516998
6114,-576460704198,0.9119570773389811,-3.1790268149905914,0.00545718818563367,0.008491838334972033
6115,-576460704117,0.9020208374266943,-3.1824376746874092,-0.002238894000881647,0.0032989775095616557
6116,-576460704039,0.898052025883333,-3.17995959961174,-0.005640984116618609,0.0043791485081987125
6117,-576460703973,0.8854740233424673,-3.184511203533279,-0.014009499430273362,-0.0012876990173034033
6118,-576460703802,0.8797881900957939,-3.1862586862009152,-0.01785551486094343,-0.0038999694218125065
6119,-576460703724,0.8791098064364476,-3.187045960241192,-0.01779185588066596,-0.004858052669688143
6120,-576460703618,0.8783657415729598,-3.187093110767039,-0.017935822073039124,-0.004523032385953922
6121,-576460703537,0.8564303644702459,-3.1744661629550213,-0.030112099277859305,0.006390667463078964
6122,-576460703464,0.871305917953283,-3.166763636026875,-0.020695254281150106,0.011687725686523624
6123,-576460703398,0.8701707049557726,-3.1662256825294435,-0.021481791431871494,0.009649846790353064
6124,-576460703314,0.8808887903407727,-3.1600326912282246,-0.015125871562633257,0.014963834048349408
6125,-576460703228,0.8892603353808535,-3.1650195762333238,-0.008710870109741177,0.008358543963201615
6126,-576460703158,0.8903648729691382,-3.1637659203235744,-0.007950188479568594,0.006690285895399788
6127,-576460703086,0.8983746621858061,-3.168923095130682,-0.0041966255539091935,-0.0010677548022940955
6129,-576460702936,0.8983231953393325,-3.178178285579278,-0.005082819561309122,-0.011522386744699704
6130,-576460702861,0.8880406177919339,-3.183465992892672,-0.011604597636464474,-0.017856624012856204
6131,-576460702796,0.8866330782639641,-3.1842190368356906,-0.012261608657847974,-0.0184323085689178
6132,-576460702712,0.8851877836398355,-3.186018833620975,-0.013185172996750611,-0.020647443064363873
6133,-576460702641,0.8786974405423317,-3.1834565484764825,-0.01663245232009772,-0.018096990894991827
6134,-576460702558,0.8992243545075876,-3.17527159945555,-0.003985040860749698,-0.008541974228228784
6135,-576460702481,0.9008239790383528,-3.1772568936913155,-0.0037953301693470515,-0.010979847506623163
6136,-576460702379,0.9129150601078351,-3.1723280867807833,0.0024361440497133275,-0.004816326698850541
6137,-576460702327,0.9090478983415747,-3.1700200770640676,-0.0010354191925339424,-0.0030777646916098837
6138,-576460702252,0.898522493174758,-3.175239443281717,-0.008485144819541601,-0.010365378669291027
6139,-576460702173,0.8870964435781712,-3.1686864942719675,-0.015693891418453267,-0.004829012892864476
6140,-576460702096,0.8877783613314826,-3.1682523082918252,-0.0152294817428716,-0.005488958793726043
6141,-576460702022,0.8896021870693416,-3.170994754412454,-0.013758833021502876,-0.008807894480022675
6142,-576460701946,0.8881488367285529,-3.1718555969217377,-0.014311941862922345,-0.009512897577720503
6143,-576460701867,0.8970650116251896,-3.179746637724345,-0.009546932487576359,-0.018123352185589345
6144,-576460701796,0.8949246293599677,-3.181782189418306,-0.010987875097950168,-0.020105556114195105
6145,-576460701716,0.897810975554539,-3.186066067844416,-0.009283404160850392,-0.024200033870364766
6146,-576460701645,0.898498865658154,-3.187184315543852,-0.008779195322814707,-0.024228062573990412
6147,-576460701557,0.9010282489621446,-3.1916350774450604,-0.00785064514359152,-0.026823610384698132
6148,-576460701495,0.8991631304989399,-3.193999745701052,-0.008845653945901961,-0.02821291292297211
6149,-576460701396,0.9033718980566281,-3.1999278778646207,-0.006601589515874367,-0.0329350849421341
6150,-576460701335,0.9133270575933377,-3.197454891702046,-0.0011202386882294812,-0.02903754943211926
6151,-576460701270,0.9043252745135283,-3.193353317234038,-0.006946671415856575,-0.02422680995971928
6152,-576460701182,0.9049866258277713,-3.1948445493076725,-0.006698884042822224,-0.02499659949296134
6154,-576460701034,0.8998444323907062,-3.1981951988651076,-0.011039176254225347,-0.028723525891595453
6155,-576460700960,0.8896093512931686,-3.193834804809112,-0.017723409912505126,-0.02257001634569253
6156,-576460700882,0.8911621846763639,-3.194198382765371,-0.01692621583873901,-0.021547133513774006
6157,-576460700801,0.8752202810394977,-3.185661846682724,-0.02612619556335112,-0.012408830338994842
6158,-576460700727,0.8794240294456361,-3.1837189833846926,-0.023110255088071577,-0.009566953848321125
6159,-576460700659,0.8679658638092427,-3.1772434853342406,-0.02947157124897317,-0.002750289633669311
6160,-576460700574,0.8626020628972189,-3.178872753102305,-0.03173289031195792,-0.006490893612098831
6161,-576460700500,0.8545150955192461,-3.1752846422190584,-0.03590947418186856,-0.004526391029693323
6162,-576460700426,0.8514253310540315,-3.175868104327087,-0.03655242130917542,-0.005581779432182997
6163,-576460700344,0.8406865987106752,-3.170720266823444,-0.04158737152488064,-0.0011563184108995348
6164,-576460700268,0.8439209436354815,-3.167911774362933,-0.03630819159853595,0.0015479908828799536
6165,-576460700195,0.8348984625961551,-3.163149453922771,-0.03908695284881425,0.002987924199408697
6166,-576460700112,0.8340981379872833,-3.161989966150821,-0.03883241611768464,-0.0016269298545709481
6167,-576460700035,0.8343949265224999,-3.164584454509382,-0.03617051845553532,-0.008531705181616913
6168,-576460699964,0.8334970003962322,-3.16455981264664,-0.03567365985784188,-0.011095312287708515
6169,-576460699761,0.8287679403807295,-3.16563934016093,-0.03768792728175992,-0.012360039719324215
6170,-576460699688,0.8317747165023079,-3.170820625129205,-0.035339261806323824,-0.01626893380831963
6171,-576460699611,0.8327591787522216,-3.1702105042652304,-0.03397482191095952,-0.013806425764216588
6172,-576460699540,0.8275226759940358,-3.169392235201003,-0.03574776652490172,-0.012953414344715272
6173,-576460699464,0.8324485423045722,-3.166896038274063,-0.032089798712994624,-0.010958193237683746
6174,-576460699383,0.838250260253113,-3.173884304158614,-0.027911544505424112,-0.016798844061233605
6175,-576460699307,0.8423371014876481,-3.1723373129237875,-0.025173982775588237,-0.014719466253039052
6176,-576460699235,0.8454810432235859,-3.176926133965271,-0.02285147907859977,-0.018521332378545426
6177,-576460699161,0.8410774140994273,-3.1795243092015584,-0.025044939813788806,-0.020309131326073735
6178,-576460699087,0.8446153045704673,-3.1847563246585833,-0.022840482416043143,-0.023935220585133362
6179,-576460699014,0.8410598327781329,-3.187396690929291,-0.024759340939981216,-0.026499272365539346
6180,-576460698932,0.8364221936130971,-3.1878026041238594,-0.027262465440671863,-0.02564319074198301
6181,-576460698853,0.8392442804500629,-3.187634293496507,-0.024989181938570977,-0.02498296554371297
6182,-576460698793,0.8375588434044925,-3.1891735835309376,-0.025480825186971156,-0.02543882440301429
6183,-576460698708,0.8280674784977519,-3.1945499380609452,-0.03086812166251883,-0.030151214520217382
6184,-576460698634,0.8200157768535713,-3.19285104473266,-0.03450789975651489,-0.027657298157652086
6185,-576460698572,0.8219138137757726,-3.1928214165033215,-0.032207700862485124,-0.025521976625946515
6186,-576460698483,0.8119318166151257,-3.190099408573713,-0.036480972287270215,-0.022189596686128743
6187,-576460698409,0.8236842254024456,-3.185498066668091,-0.028535049903690435,-0.015735492645801402
6188,-576460698332,0.8216837106766429,-3.1869088011822098,-0.029092279101560783,-0.017597952189340557
6189,-576460698259,0.8281315626228536,-3.1844929878722863,-0.024664128282446594,-0.015714699659484948
6190,-576460698182,0.8242739544417225,-3.184333859040273,-0.02634358774072988,-0.017833809919298883
6192,-576460698032,0.8516024992560004,-3.183548476995261,-0.008437260183644471,-0.015207816692394183
6193,-576460697952,0.8624771595097624,-3.1795669282477754,-0.0025099932194267236,-0.013483321785573616
6194,-576460697868,0.8707920447882431,-3.1866163653745136,0.0028125283216181886,-0.016289077317093524
6195,-576460697800,0.8809591825588156,-3.1829787297161265,0.008110452159257098,-0.011969543737801295
6196,-576460697720,0.8814363128982865,-3.183990441106086,0.00769600102459797,-0.015757038313990192
6197,-576460697656,0.8891110296215301,-3.182026631085492,0.01578812979980483,-0.02718896480426831
6198,-576460697577,0.8806280772798455,-3.17811356610689,0.009941465127925582,-0.03706700668295043
6199,-576460697503,0.9046087553904149,-3.1702303732772656,0.025336590753533804,-0.033715912090610804
6200,-576460697418,0.9121948361486256,-3.176620664763094,0.027202029754066152,-0.031261313642754376
6201,-576460697349,0.9247905906689571,-3.1735318087092943,0.033799877635085185,-0.022557573931520265
6202,-576460697260,0.9287819114689148,-3.176359474746444,0.03340623867014365,-0.025484366794461994
6203,-576460697194,0.9306249291176598,-3.178650621850272,0.033649404778323476,-0.022617698051507394
6204,-576460697116,0.9251935805282218,-3.174913656222232,0.02779608915777118,-0.027419721404750005
6205,-576460697049,0.922951583694541,-3.179546558135871,0.026264751789125025,-0.04355575158017263
6206,-576460696965,0.9160842080794143,-3.176875257087641,0.023652444302136442,-0.0385250673077199
6207,-576460696888,0.9053559411023354,-3.185982675780405,0.014926742327358326,-0.05066680916425375
6208,-576460696819,0.8991621120620186,-3.184790409110657,0.011838217144986504,-0.05717041487155444
6209,-576460696730,0.8880409083862726,-3.195682794889589,0.002829462364423576,-0.06474920388125742
6210,-576460696657,0.8805996959460517,-3.1953929289233547,-0.002798676646649639,-0.06994525746571457
6211,-576460696579,0.8855468737351792,-3.1987813923336534,0.0015507307976701226,-0.0679808040204155
6212,-576460696499,0.879669808523634,-3.1997375014299303,-0.0018310327817235082,-0.07212791019837624
6213,-576460696423,0.8897844483596387,-3.201347584117877,0.008652895062226051,-0.08653062446997714
6214,-576460696349,0.886843886077861,-3.2039419489305807,0.007298854903045144,-0.06357366478668984
6215,-576460696275,0.888708147119175,-3.207839746912309,0.012082932095993718,-0.04618379044302612
6216,-576460696199,0.8815614556527578,-3.2067134890828415,0.01139433114371954,-0.0678737559231069
6217,-576460696123,0.8725589894125187,-3.21647293689677,0.003242631376353713,-0.06709045787466446
6218,-576460696048,0.8628869224738942,-3.2128754538273387,-0.0012748361501565015,-0.04004403546085232
6219,-576460695947,0.8666811565140262,-3.216912983370022,0.0015142040501170966,-0.0483669014209638
6220,-576460695746,0.8743036189584161,-3.2229032554937636,0.0037433635964326485,-0.06248894152845541
6221,-576460695670,0.8674555609670527,-3.2232407891725314,-0.0017672097424854061,-0.07137281449132765
6222,-576460695596,0.8903942690155698,-3.21609039175738,0.021087158087374214,-0.04036100592630209
6223,-576460695515,0.8705009827633847,-3.2026180394787214,0.0019745385218284707,0.014317045352041324
6224,-576460695440,0.8907858445118475,-3.192319511987841,0.008459850490365,0.006064658266620959
6225,-576460695364,0.8741527844515958,-3.1804022072805282,-3.324397588634308e-4,0.020062097138989852
6226,-576460695289,0.8929477704669618,-3.168341847223486,0.0021615257035828353,0.045512700768678596
6227,-576460695208,0.8801673483735256,-3.157152561811705,-0.010652660302328393,0.030999697484662542
6228,-576460695130,0.8924464379632708,-3.1485421978641948,0.004633450439455867,0.059708612173766905
6229,-576460695041,0.9009473724291872,-3.1472892494047304,0.03133677888098193,0.0624600262124703
6230,-576460694971,0.9220921714350687,-3.1342532520857933,0.04925570512888174,0.06805344299781081
6231,-576460694897,0.9252573668782251,-3.1297102945520803,0.04812334764303257,0.04959665551960317
6232,-576460694826,0.9495050087463357,-3.1171045189232363,0.07142464647853314,0.04417235995874954
6233,-576460694734,0.9416724372843817,-3.1049659789941413,0.06285651501658159,0.010104014837985353
6234,-576460694663,0.9704997328621058,-3.094039277501231,0.07221395271103381,-0.016037229844605632
6235,-576460694595,0.9645514060848746,-3.089231947717687,0.05969359458031386,-0.037920269849991625
6236,-576460694493,0.9812435855155421,-3.0876441123787846,0.06818649201842054,-0.04680221252827336
6237,-576460694427,0.9645631680730739,-3.074837837542154,0.07604814730578999,0.002742704945921638
6238,-576460694351,0.9792984818822187,-3.069279893036754,0.07280569157041783,0.024851393089325626
6239,-576460694281,0.9709537444900835,-3.0583602176007547,0.06306334205147511,0.04247366644251039
6240,-576460694198,0.9923234961132538,-3.046325603202817,0.07528029915663502,0.06703522818550335
6241,-576460694125,0.9868975818108833,-3.0346275478163887,0.07513947476323529,0.09617031403394034
6242,-576460694047,1.0056922519521228,-3.0197279725968573,0.07649292448879257,0.0953047100723482
6243,-576460693967,0.9917901700068842,-2.999447559033026,0.05988126461822335,0.10176121038890562
6244,-576460693888,1.0087910610888984,-2.98471887861192,0.06723394371566067,0.12439379606057044
6245,-576460693820,1.0014365122412832,-2.969847350616539,0.06496598315919082,0.15484006645292966
6246,-576460693733,1.0279126979108584,-2.9455787762969865,0.08358388998272397,0.13670366220816624
6247,-576460693641,1.0148606247581335,-2.922985884901491,0.07839522632974515,0.125429771556332
6248,-576460693581,1.0300663912968624,-2.9089958439556938,0.07998767914707323,0.1282108347526545
6249,-576460693504,1.0043307185534756,-2.8781966837662196,0.056602220465961334,0.15984745122935162
6250,-576460693427,1.0212596825389928,-2.8582101208262203,0.06418093525223374,0.2080367434060031
6251,-576460693353,1.003533809415013,-2.826988645185855,0.02783487853420656,0.2542607335598209
6252,-576460693279,1.0266633170580468,-2.7962044038340457,0.03609107871598829,0.2811488778055729
6253,-576460693199,1.0061735684488509,-2.7598704817207085,0.007269493950312527,0.2757819963081286
6254,-576460693121,1.0281131609004257,-2.728087250009463,0.024578137760125855,0.2811753417572207
6255,-576460693045,1.0156911520931353,-2.697802611949171,0.01291338061476996,0.2736800172813406
6256,-576460692979,1.0244955322159928,-2.6774733827079578,0.034344516054489266,0.254550669195913
6257,-576460692896,1.0001681166775966,-2.6362264114521823,0.0173435341338682,0.29228633389689
6258,-576460692821,1.007005846725811,-2.6120266508684598,0.0040480839342478345,0.27153849406165514
6259,-576460692738,0.9836969912279254,-2.5731448094361973,-0.024643118645576806,0.3059622229784298
6260,-576460692675,0.990845195654512,-2.5496357131715084,-0.014414689432244835,0.31656024836512897
6261,-576460692583,0.9747784853934814,-2.5105825334559753,-0.01878883243226282,0.3451699963107666
6262,-576460692513,0.9803481520134099,-2.480816065215668,-0.01403906332801408,0.3604291651793655
6263,-576460692447,0.9674383669150253,-2.448925301462519,-0.022321873650613118,0.3701566278364856
6264,-576460692367,0.9811310380950051,-2.4109493016508807,-0.02123353854153626,0.36530208083507193
6265,-576460692294,0.9680501834853232,-2.3762670985418626,-0.03050768319302102,0.3808146150492317
6266,-576460692215,0.9627759579179738,-2.347040501962832,-0.026995291028607173,0.39477684893985077
6267,-576460692145,0.9531281602981546,-2.3158926403151336,-0.02821218558399815,0.3918362069830287
6268,-576460692065,0.9669553885738247,-2.2745247160433686,0.003340815570871296,0.4080584689522553
6269,-576460692002,0.9590713916709217,-2.2426305546214946,-0.020718108025464872,0.43163901734118804
6270,-576460691916,0.9486838865426444,-2.2086882963715038,-0.07580179704610193,0.4223764015044342
6271,-576460691842,0.9462717970724907,-2.1797855675406757,-0.05128105049375562,0.4079828271904542
6272,-576460691770,0.9426162727366324,-2.15080173245977,-0.05605111743206383,0.38240636600482436
6273,-576460691689,0.9443097137162613,-2.1262670304618636,-0.061663874294440646,0.35672031419076705
6274,-576460691613,0.9496406523418395,-2.094893284002776,-0.03150115970913911,0.3583118256081296
6275,-576460691542,0.9538449352092613,-2.0729586477333717,-0.0033937796850442977,0.35969604722443765
6276,-576460691456,0.9638445788489735,-2.037832962707508,0.02924947940711902,0.3849275744093082
6277,-576460691382,0.9710981604570273,-2.0131519612920323,0.028844679607705842,0.35685154000073577
6278,-576460691299,0.9685995634647219,-1.9873481377089963,0.022295605864810823,0.33173588554939637
6279,-576460691226,0.9613487906086627,-1.957435727006263,0.004441250524623582,0.2972738923714469
6280,-576460691163,0.9568980711316364,-1.9419286916250236,-0.013494273758377903,0.2578429835792262
6281,-576460691074,0.9679158420727059,-1.9316942007598012,-0.009953376226473803,0.21575972224103493
6282,-576460690991,0.9697698385912211,-1.9113213186776865,-0.013581060565446404,0.2268132170778191
6283,-576460690936,0.980443433313966,-1.907703563521142,-0.009783421894467183,0.24785012839814563
6284,-576460690762,0.9898899827330807,-1.867306249987044,-0.01132337179259813,0.2869952883499718
6285,-576460690688,1.007927946133874,-1.8354530924541699,0.013702871541030552,0.2862566319701219
6286,-576460690608,1.0156546231420343,-1.819696415985123,0.021478492661341116,0.24126189149163063
6287,-576460690527,1.017977573926338,-1.8023780613177907,0.029324831585246534,0.20063817084677002
6288,-576460690459,1.0293288097301796,-1.796500229635222,0.03780976520874186,0.17399727580154983
6289,-576460690382,1.03910683194268,-1.7795802064413122,0.04082521529426133,0.1687568005154013
6290,-576460690310,1.055003652953988,-1.7776715656096302,0.04951842501269787,0.16278719571593062
6291,-576460690234,1.0615607149921509,-1.764301866688829,0.04405025482145679,0.1389764910158866
6292,-576460690159,1.0769922902729532,-1.7656906299387995,0.028396123050898635,0.0900728624534299
6293,-576460690086,1.0949225714528248,-1.750588388604415,0.05122678125444241,0.05348546803701326
6294,-576460690002,1.0874846325497531,-1.7354547417630952,0.07765211143141797,0.06256501407018877
6295,-576460689924,1.1012185672278527,-1.7258808458682884,0.0548076021919544,0.04327048584032816
6296,-576460689842,1.0865609909284801,-1.7087866196148118,0.03390034076791877,0.015430857806081163
6297,-576460689770,1.0977552815408391,-1.7045122062408395,0.05029924653638615,-0.03411924274698576
6298,-576460689706,1.0639200885263462,-1.6770595155255585,0.02655431736941567,-0.007607165759304063
6299,-576460689577,1.0706746613884686,-1.6727756145075134,0.035038436281210214,0.0489566934146747
6300,-576460689539,1.062680282743295,-1.6593186109737796,0.03597461087461121,0.08173943499469291
6301,-576460689465,1.079732534820172,-1.6442661209360634,0.05504105413821997,0.0775544914639605
6302,-576460689391,1.0705751268545964,-1.6281946259674565,0.04001517395474266,0.06317418089202043
6303,-576460689313,1.0777280763981882,-1.6231827216333543,0.03706443300168941,0.011702772613050617
6304,-576460689239,1.0655549043356214,-1.6095304938525787,0.031122767693617787,0.015526030265047166
6305,-576460689166,1.066308405850866,-1.6095315653775177,0.02873064445180875,0.02461188676924362
6306,-576460689092,1.0563551900823647,-1.5970421592899928,0.023162734403473335,0.036719253208767386
6307,-576460689017,1.047924456518441,-1.6011285651021177,0.01337762340548068,0.03378713469330901
6308,-576460688942,1.0359224261064433,-1.5867717668457981,0.002748703059396354,0.05402162158919745
6309,-576460688862,1.0314912157880225,-1.5855542019011282,0.0021002164717181184,0.0506545552428808
6310,-576460688791,1.017688321811474,-1.5699128670275124,-0.01200488126519763,0.043291941604551784
6311,-576460688709,1.0156293910568317,-1.5664664442526302,-0.01035236070146307,0.05946524047666488
6312,-576460688639,1.0082855328026872,-1.5558159062848613,-0.014246979520749171,0.06941574285464204
6313,-576460688550,1.0025339537797269,-1.5525572402518104,-0.01660589162942677,0.06636920233738304
6314,-576460688487,0.9958267363317214,-1.543500374212822,-0.01923935449285127,0.06920653375329436
6315,-576460688407,0.9874762757346248,-1.541204022278029,-0.02454915172273239,0.0905921598959499
6316,-576460688337,0.9872993342856007,-1.5354734495430085,-0.035086584796834984,0.10925176986990047
6317,-576460688254,0.973932642544531,-1.5330440620731771,-0.056169435085254606,0.09410597394802153
6318,-576460688189,0.9833480183653984,-1.5405701587464902,-0.06462959165951591,0.0770446162755617
6319,-576460688116,0.9674843481619139,-1.5419715528720437,-0.09418790609687125,0.06479611643599043
6320,-576460688035,0.9819114318007359,-1.5599121176853703,-0.08813071206988597,0.03057931364829219
6321,-576460687962,0.9760532811107762,-1.5571363597919623,-0.09713021714041531,0.024284807900781212
6322,-576460687863,0.9585670431182616,-1.5469268945795787,-0.11911250280419337,0.024592341496676853
6323,-576460687782,0.9527985093613914,-1.5420300215876923,-0.13196683149470392,0.0254970510235585
6324,-576460687701,0.9579237442001949,-1.5589120037435429,-0.14067289028335836,0.010951965034290898
6325,-576460687638,0.9619102435307145,-1.5499013211747688,-0.13746065850142752,0.001273501177508787
6326,-576460687554,0.9653928705612818,-1.5644015485312306,-0.13331804327009042,-0.012912129975217996
6327,-576460687473,0.9701947814155794,-1.5548927973991267,-0.12674729890759182,-0.022610703460228004
6328,-576460687399,0.9785204221021506,-1.5751206075343755,-0.11156105119390569,-0.052313264796901564
6329,-576460687324,0.9984944976450356,-1.5597761611855059,-0.08805508219122551,-0.030513475823476324
6330,-576460687240,1.015737776365166,-1.5864956037060078,-0.07872266137252736,-0.045623546924838054
6331,-576460687170,1.0321262815999295,-1.5738211400390059,-0.07463089988422864,-0.03022803499955077
6332,-576460687094,1.0387853648118262,-1.5888286008053125,-0.07896338912356045,-0.05223900696033735
6334,-576460686936,1.0585472442445232,-1.5952252135421603,-0.10751868791058519,-0.026758494215948295
6335,-576460686873,1.0743510379934387,-1.5805102672012608,-0.08928305731551539,-0.014006814290841142
6336,-576460686792,1.0929944837450478,-1.606604957056309,-0.08216119591105006,-0.04566131236041848
6337,-576460686703,1.101205704214691,-1.5990265434006787,-0.07134323579724389,-0.04324328812014709
6338,-576460686640,1.116399369333676,-1.6184632424288257,-0.05480314546407247,-0.0605313592995502
6339,-576460686561,1.1435680721854216,-1.5986470263200425,-0.01713324539276788,-0.018458439683196902
6340,-576460686488,1.1517542987222422,-1.6078189531586005,-6.426906049411627e-4,-0.028841138822442564
6341,-576460686401,1.1732530205296163,-1.5930219140055,0.019506631526385838,-0.0057778749178841425
6342,-576460686315,1.1903913772088404,-1.6063766450746544,0.037240736940571964,-0.014790469644923235
6343,-576460686260,1.2122284751840666,-1.5910187886914686,0.058006808854197546,0.008550918967869917
6344,-576460686171,1.2432123815419223,-1.6116325724373037,0.0860198951338285,-0.02489849795583824
6345,-576460686109,1.2692055489748963,-1.5958922281930368,0.1043386717308255,-0.020702352105597177
6346,-576460686032,1.2946829827775452,-1.6116491936258115,0.1121920826884071,-0.048156786245058716
6347,-576460685953,1.3269418494015373,-1.5951542364804754,0.1546769223945093,-0.03462437539113209
6348,-576460685880,1.365157024424371,-1.616560180761216,0.20304624479795347,-0.05942556437604671
6349,-576460685802,1.4005451513463305,-1.6035060520044926,0.2506972464909093,-0.04305105607006429
6350,-576460685711,1.4296655957169264,-1.6111622275468567,0.2924151893223011,-0.057162198567966664
6351,-576460685637,1.461044965892726,-1.6059645116057812,0.31474540131402695,-0.04458535897856106
6352,-576460685542,1.495842283798444,-1.612422875210115,0.33747110195553115,-0.02558347158961608
6353,-576460685469,1.5332898464714118,-1.601891770226144,0.36498854783709545,-0.023401482599773024
6354,-576460685395,1.5637795349752373,-1.6064501973475926,0.37710665732076853,-0.060969596303220096
6355,-576460685321,1.5985154055392434,-1.6010821152379944,0.37788849487094445,-0.010691712231086338
6356,-576460685238,1.6223175296220482,-1.598125923067665,0.38431452522303117,-0.021074882281835804
6357,-576460685166,1.6553603514575543,-1.5964842331512648,0.4254893486478765,-0.06250035821578181
6358,-576460685087,1.6647526125994294,-1.5907645690060865,0.4312582932979203,-0.08583609661325765
6359,-576460685012,1.6931142141464286,-1.5960402208264304,0.43307578622291554,-0.07304895533926825
6360,-576460684932,1.7074478731046818,-1.5900122673542785,0.41313773471305043,-0.06578740282584242
6361,-576460684858,1.7350783005187727,-1.599095351483817,0.4109099033102436,-0.07023206615384146
6362,-576460684767,1.733975723748548,-1.5875574427721377,0.3856418652301219,-0.050031354526227784
6363,-576460684705,1.7494056629410728,-1.605574189343103,0.37848757262714944,-0.07390361113949713
6364,-576460684593,1.752299420075275,-1.59735264490556,0.3533013551619546,-0.07050700179051418
6365,-576460684542,1.772437826659117,-1.6065211990145543,0.34542535820361736,-0.08500274905749637
6366,-576460684459,1.7590825117096627,-1.5956109225724366,0.3196357637119696,-0.0716714968349248
6367,-576460684386,1.7822043332145805,-1.6087176031763684,0.30843000636126106,-0.10744890058692003
6368,-576460684312,1.7618010208069972,-1.5975459294234333,0.27639111135784544,-0.09280741429305271
6369,-576460684238,1.7806939660939565,-1.608719327961226,0.2837606490741434,-0.13200097396150592
6370,-576460684158,1.7438778877205157,-1.5932655843742725,0.23885394053348877,-0.12838239637586157
6371,-576460684091,1.7550685107007877,-1.6085532740999584,0.2412289787829442,-0.15624685119668713
6372,-576460684003,1.7312966712256193,-1.600168356654403,0.20412064719154732,-0.11951413377965876
6373,-576460683926,1.734645454445103,-1.6261103231652356,0.19530415819241265,-0.145122105323438
6374,-576460683855,1.70832313468239,-1.6168124305526277,0.16387517626758488,-0.13352788607594868
6375,-576460683765,1.7190211770852144,-1.6378167361586855,0.15630471407625002,-0.1532146015645331
6376,-576460683703,1.692095973049465,-1.6297675786331975,0.13219265146836898,-0.14068548257865274
6377,-576460683621,1.6945660152012771,-1.6523491290221508,0.1355635406885012,-0.15897055337201732
6378,-576460683548,1.6782973624773752,-1.6502812863541563,0.11616600350560691,-0.12642090187113963
6379,-576460683475,1.672944790526248,-1.672787254878008,0.11216430157054504,-0.12092221999455227
6380,-576460683395,1.6528332429590564,-1.6679160119831191,0.0849129810914476,-0.10814870073868746
6381,-576460683320,1.6408647533415182,-1.6976972152345562,0.07312025478463786,-0.15196585304098145
6382,-576460683246,1.6310765082454088,-1.702531048190668,0.07074150443848383,-0.20031488468891467
6383,-576460683146,1.6324317316416361,-1.7349757896703129,0.07270918155596989,-0.324609810423963
6384,-576460683069,1.6262221358537945,-1.752623214557049,0.054476552034676426,-0.3037015397997897
6385,-576460682982,1.627002815266048,-1.7836074407871056,0.055957984969891565,-0.3263979260629859
6386,-576460682913,1.6210789513944819,-1.8007196877325284,0.04990459417974506,-0.2856521950568329
6387,-576460682839,1.6184492704728406,-1.8276571410430564,0.05440064174346531,-0.2789739261327228
6388,-576460682767,1.6079863346428926,-1.8402424706176186,0.054185290233537714,-0.2899037407955918
6389,-576460682683,1.6080184564214484,-1.868597078494197,0.04540985398289058,-0.2685763289644315
6390,-576460682595,1.588904205307486,-1.8789725295492026,0.03401472842298172,-0.2573116632021878
6391,-576460682540,1.589906271047009,-1.8934736527742586,0.041314295292770864,-0.24314908925465276
6392,-576460682453,1.5858741584356704,-1.9098541968767035,0.0447318738095005,-0.22605027214240175
6393,-576460682389,1.5845988737609784,-1.9241456294613346,0.0467421274559402,-0.21503606953757481
6394,-576460682306,1.5910916146653002,-1.944991638156981,0.05145164316790379,-0.20184247121271656
6395,-576460682232,1.5938998547634529,-1.9611172487738233,0.044724114877563274,-0.22345208280796497
6396,-576460682149,1.585627760566103,-1.9742629077996228,0.04190813130369198,-0.2546838230740686
6397,-576460682078,1.588024825963067,-1.993711810910667,0.04358780773941077,-0.257460504402677
6398,-576460682005,1.583746618077435,-2.0081266249566587,0.03815588578805039,-0.23863643883613528
6399,-576460681896,1.5817339161352448,-2.0318548347111904,0.03587480666878727,-0.2640444923088985
6400,-576460681836,1.5855990219062939,-2.057075998302579,0.033044553295093274,-0.26215120077339604
6401,-576460681759,1.589700413250459,-2.0750501429992094,0.02772023214648278,-0.2386160553575579
6402,-576460681691,1.5894601847286383,-2.0887574595873644,0.03229761436481291,-0.2218468314601413
6403,-576460681595,1.5919317334861154,-2.11141124949304,0.03673509356470563,-0.21565893142830275
6404,-576460681531,1.587264253562886,-2.1216509026331996,0.024182353329215277,-0.2114897738397469
6405,-576460681447,1.5842691092029206,-2.142946650857989,0.01662962215690295,-0.1920790056849045
6406,-576460681374,1.5901642045839675,-2.159677456901056,0.0012288299783189283,-0.1737568842409742
6407,-576460681302,1.5887598146854502,-2.1702434968388804,-0.008627635408027754,-0.13345892753377933
6408,-576460681231,1.5841554176800785,-2.1785353994922385,-0.017788182084394893,-0.12208915254171693
6409,-576460681158,1.580655043803829,-2.189560945938411,-0.030960691775199518,-0.14261152466969187
6410,-576460681069,1.570625178567214,-2.195617748822841,-0.03318005200082017,-0.09417762686826159
6411,-576460681007,1.5717254747136957,-2.198336077189261,-0.03135982376076331,-0.06515636482542075
6412,-576460680933,1.5745720600800956,-2.2052672837125846,-0.02291003337647893,-0.08517967680167315
6413,-576460680857,1.5641049869855175,-2.222740322966493,-0.016345264077074307,-0.14602841934110095
6414,-576460680770,1.5608342622816331,-2.2350355542521245,-0.03304651035365561,-0.16474890333239905
6415,-576460680709,1.5544586068733603,-2.2494511361827305,-0.02166794701763341,-0.14973861175413075
6416,-576460680618,1.5609855341261851,-2.2668542661111784,-0.023374780095069925,-0.1852656886526768
6417,-576460680554,1.5636916923603703,-2.2784419078625673,-0.012474675405247559,-0.20710931039996966
6418,-576460680466,1.557691610801353,-2.2951027081583577,-0.015390307597637654,-0.21664743981953538
6419,-576460680395,1.5495876630559706,-2.3168473033408548,-0.01835611393467361,-0.22402659198326466
6420,-576460680319,1.5524627147078158,-2.3340219423289232,-0.020971962127344618,-0.22076190505558935
6421,-576460680166,1.5520301811151032,-2.378452105992928,-0.009668420836855348,-0.3356962515586312
6422,-576460680083,1.5570855092098543,-2.400435215003849,-0.04155759762187263,-0.3455414996029806
6423,-576460679996,1.5592152123180805,-2.43332667899278,-0.037499198659102013,-0.35234274877161637
6424,-576460679919,1.5683243619615672,-2.449676681090207,-0.027612196950529848,-0.352923014171749
6425,-576460679854,1.5760806382885861,-2.4791853976144242,-0.016723702874705197,-0.35051337980684966
6426,-576460679776,1.5803647472285651,-2.5012973743160627,-0.007434599510216181,-0.3386951263477219
6427,-576460679701,1.5829895584896583,-2.5278559023777736,-0.0023235153863275064,-0.32581046968670796
6428,-576460679629,1.5948417463577007,-2.5407970858189777,0.005505947147318087,-0.31577222244746345
6429,-576460679554,1.5974326734624391,-2.566045210972691,0.007415891842539326,-0.3316540623385787
6430,-576460679470,1.6073933339145419,-2.587300378525318,0.018800502110774227,-0.35316232416570664
6431,-576460679400,1.6004155452066415,-2.608714605938268,0.007287414888051709,-0.3508682540289437
6432,-576460679295,1.6049466677120707,-2.6402412339806953,0.004221821807509083,-0.34323677287593496
6433,-576460679233,1.59036476096967,-2.654893675870861,-0.005817613743739167,-0.33683468686533335
6434,-576460679156,1.598910418289268,-2.6721590538712197,0.0018001568480572475,-0.2970044653090513
6435,-576460679073,1.5954611854567151,-2.6927736202296813,0.012775344869060325,-0.25948110487746967
6436,-576460678991,1.608760135132081,-2.7022708424040323,0.01885453848993804,-0.22284112873570158
6437,-576460678903,1.6160008290165708,-2.721742283834218,0.03357129410256652,-0.24188264631597184
6438,-576460678843,1.619757831939666,-2.739787293396807,0.032485987872681844,-0.25894222515098614
6439,-576460678759,1.6099002005786425,-2.7553856632270803,0.008173735245218387,-0.26358907908699536
6440,-576460678685,1.618682669408557,-2.767758587012285,0.0070075155346136534,-0.2245722610812629
6441,-576460678600,1.6093558444651979,-2.7793942379292838,-0.005866488783888127,-0.216962878249962
6442,-576460678530,1.6206709777801096,-2.786272261403908,-0.011854970091940413,-0.22884886973521937
6443,-576460678455,1.6061897446746234,-2.7952107187754156,-0.01452007237157204,-0.1722863261158835
6444,-576460678377,1.6160411693468226,-2.7982809985490915,-0.0027740210426679002,-0.14193940217683562
6445,-576460678287,1.5905374952017224,-2.799765491601799,-0.022037847153262638,-0.15066458071685002
6446,-576460678222,1.5961416793088712,-2.8044630311233307,-0.03107213946177784,-0.1807686118802245
6447,-576460678159,1.585788912070245,-2.813240471794929,-0.03723391571978357,-0.2052147754762285
6448,-576460678054,1.5884654730348766,-2.8289986415330315,-0.017487781468604302,-0.20143918027675517
6449,-576460677998,1.5743194626936752,-2.8294891441266063,-0.022537121586978126,-0.19302067743993986
6450,-576460677919,1.5772925424520434,-2.8468358264508633,-0.025351385427605868,-0.20070493465467423
6451,-576460677843,1.5626912037427065,-2.85523791331266,-0.039430025449921524,-0.18342427055815394
6452,-576460677756,1.5671973887883819,-2.8655890251211824,-0.03149214769696381,-0.20826602137195624
6453,-576460677690,1.5693086405521082,-2.8832777260016256,-0.02611079640391443,-0.23965661331669577
6454,-576460677615,1.5736770348612854,-2.8966829100915383,-0.021389725670485377,-0.25758206249578547
6455,-576460677538,1.5687509342843506,-2.915370554619528,-0.02287351318961007,-0.26941640564606584
6456,-576460677457,1.5830474381831798,-2.9252839034676876,-0.01111763676029461,-0.2890407157194426
6457,-576460677381,1.5778362171724845,-2.9462063316320943,-0.00597166217295482,-0.3126101383483867
6458,-576460677304,1.5921293430068417,-2.9601246952261886,0.009490271335118552,-0.347451978882302
6459,-576460677228,1.5876546178779793,-2.986049572914812,0.01413758258089079,-0.40023736916541114
6460,-576460677155,1.6005078411894111,-3.006353030725001,0.01759096461837996,-0.40021713597366204
6461,-576460677067,1.6171592585825905,-3.047831174966308,0.026924144596446573,-0.3806699725829454
6462,-576460676994,1.6244133178482738,-3.069689781509153,0.01974681436662273,-0.33328974370907655
6463,-576460676921,1.6294012476612185,-3.0949603893925626,0.012008857110813148,-0.33602980445469016
6464,-576460676844,1.632954108486331,-3.1193706417573046,0.004521745046917611,-0.3318026289054574
6465,-576460676471,1.650887290623467,-3.2088909327963937,0.021230822924840825,-0.26408988685500606
6466,-576460676368,1.6665294577020227,-3.21601975946555,0.021867468014779595,-0.18581555194121965
6467,-576460676290,1.6766898658598195,-3.2332413871938033,0.029491813934996745,-0.18524663901693564
6468,-576460676217,1.6889899099939238,-3.238213206656093,0.04238650009737865,-0.1989705253674929
6469,-576460676146,1.7054525604933122,-3.258566653875365,0.051438582191046606,-0.21558437630598207
6470,-576460676071,1.729126135277832,-3.257811551298487,0.060970728680246174,-0.2174820164351692
6471,-576460675992,1.6758594671567852,-3.2512345935925184,0.032003167145818065,-0.14306861973656532
6472,-576460675919,1.6820712695572955,-3.2572988262432876,0.023767096289762393,-0.13505888130638802
6473,-576460675850,1.6768358737175773,-3.2648936079115383,0.015242240284238815,-0.15597640241151478
6474,-576460675758,1.6946004485063577,-3.266766139141313,0.021880261911454056,-0.14051072699172712
6475,-576460675685,1.7345037485035146,-3.2914751200610834,0.04762847479848592,-0.1578111077752251
6476,-576460675605,1.7604438957561128,-3.2846499397599915,0.060838608970715205,-0.14639871973172072
6477,-576460675542,1.7855494936999803,-3.3027216109449395,0.07386634196535916,-0.1543077858334458
6478,-576460675457,1.811523995296276,-3.2996169645838416,0.09273754568982037,-0.15443931644782313
6479,-576460675386,1.8348866469526028,-3.315797566990154,0.09732192428086525,-0.13822989907995598
6480,-576460675315,1.861589479189026,-3.307917814583828,0.12198349958072231,-0.15927886429325636
6481,-576460675228,1.8594127653707608,-3.3175874361333864,0.14371987035662936,-0.14738869369016944
6482,-576460675163,1.8865651261389182,-3.3123750177624833,0.1609081647511068,-0.1495857094554146
6483,-576460675084,1.878845786034868,-3.3182123951873503,0.15574283346433157,-0.15905145591431438
6484,-576460674993,1.9060446285111774,-3.321540730671558,0.1925634867227686,-0.14677774062170224
6485,-576460674932,1.864512221744206,-3.3125023234946283,0.17045597438217847,-0.11348712279304389
6486,-576460674851,1.897987104606082,-3.305808495901406,0.19419319253189224,-0.1086662097876705
6487,-576460674788,1.801722756505297,-3.276666790333515,0.1245903240591803,-0.07591337530197634
6488,-576460674708,1.8184311785280407,-3.2782290381819883,0.13260003507426474,-0.09115033768808146
6489,-576460674622,1.7713811066183618,-3.2638830967952708,0.10630845167342126,-0.06329187767625383
6490,-576460674551,1.7862210683683915,-3.262155397799285,0.12128220965399307,-0.07120881604216366
6491,-576460674479,1.7047366470352892,-3.2342938408627036,0.07118803924179815,-0.07364632597541881
6492,-576460674390,1.7035243480704156,-3.2457146182789094,0.06810399511566537,-0.10769521333028027
6493,-576460674329,1.6434254944594393,-3.227219010853341,0.020955802875488753,-0.0886071905274382
6494,-576460674256,1.6419853499368247,-3.2354027737915487,0.025277370839848677,-0.101024661657388
6495,-576460674182,1.597124389032434,-3.2230390103299267,0.0021357773082846115,-0.09959272171777629
6496,-576460674098,1.590378370273984,-3.2364180450413653,-0.0019347191195657944,-0.10134599828872783
6497,-576460673901,1.5904901010051469,-3.257678304439199,-0.023235148297321068,-0.12540129787761636
