5331,-576459407568,0.8977913529762563,3.154009945861444,-0.009049313562762926,0.005694271328345912
5332,-576459407235,0.9121699535644329,3.2110341483266254,0.028072295494205216,0.12170976450307114
5333,-576459406938,0.9058157737765145,3.2653193671665104,0.005564632451995406,0.13313438589381615
5334,-576459406838,0.9358896305253567,3.3139493071527393,0.044501241330123883,0.17653355702988602
5335,-576459406765,0.9634193171983088,3.311021950908179,0.07264796174906096,0.1468837431022632
5336,-576459406706,0.9712949166482321,3.3229808855764156,0.07604970112478944,0.1457163185904076
5337,-576459406614,1.0083360119862579,3.319939535500485,0.10543222159660358,0.11803835125085145
5338,-576459406507,1.0065644303332166,3.324038440910235,0.09271803366513964,0.10268818858504214
5339,-576459406431,1.020064448894215,3.328681623852436,0.09791155830092352,0.09275664534770005
5340,-576459406348,1.0207401382693058,3.331937045213685,0.09179805313639189,0.08280824928914153
5341,-576459406237,1.0405982181070073,3.3331441845681247,0.10045514394954373,0.0706644189319725
5342,-576459406184,1.0250757529555556,3.3263049249664562,0.08230074995445806,0.0542248428192753
5343,-576459406105,1.0416528138968866,3.3259503924796783,0.08894400349053946,0.04288602060687241
5344,-576459406034,1.0383799208161826,3.3238353347198677,0.08169438994697506,0.031147812075826998
5346,-576459405887,1.0459428541544036,3.325692760558152,0.07715946553495269,0.01776716361680119
5347,-576459405816,1.0650996971199507,3.321055176184071,0.08594423732536803,0.00531539262472668
5348,-576459405727,1.0719153927987704,3.320808624145542,0.08526415199088452,-0.004207778784631986
5349,-576459405639,1.081260785521157,3.3189480867976466,0.08795769321749108,-0.008477298045202634
5350,-576459405566,1.0896467500360874,3.3180879468919375,0.0858767000820473,-0.01488301018030329
5351,-576459405502,1.0895615575381952,3.319553990481602,0.0826705779651613,-0.016993869240868802
5352,-576459405418,1.083061418308169,3.3106806012253758,0.07318737094495505,-0.03106333641277821
5353,-576459405316,1.0925432939833857,3.3061407615078666,0.07473126186844604,-0.03929601091924742
5354,-576459405243,1.0993348175474056,3.3035235096459186,0.07477981471732974,-0.04425256979303036
5355,-576459405158,1.0841164584371512,3.3102074488559823,0.06148871730882495,-0.03826205915549874
5356,-576459405044,1.078545717161141,3.299136053155026,0.054834594058672206,-0.0549855197254933
5357,-576459404981,1.0721249329868272,3.2999962406088788,0.046441358193155154,-0.054215886749593
5358,-576459404906,1.072287068890705,3.294069869117726,0.04540621194786848,-0.058489659254610735
5359,-576459404834,1.0716778604373085,3.2915870662936646,0.04287899983622859,-0.06131140301572308
5360,-576459404726,1.0787181545627833,3.2900381660779123,0.044046869875422986,-0.0652549112821247
5361,-576459404682,1.0711341944683135,3.290352548686319,0.038564441390616475,-0.06473117873056612
5362,-576459404610,1.0817874223502775,3.2893464923317195,0.042245963038518686,-0.06598604179243332
5364,-576459404373,1.0792305513154286,3.284953150834355,0.03571620917390952,-0.06583237433334609
5365,-576459404300,1.0831413758069395,3.281778893762325,0.037533110444425935,-0.06598502554132075
5366,-576459404219,1.0649990179879003,3.2868036298831544,0.02358332214244948,-0.06044342228735251
5367,-576459404140,1.0686618385256759,3.28417761672601,0.025229587527126302,-0.06669739735915288
5368,-576459404071,1.0542171322407938,3.286980062386028,0.015238678341213212,-0.06080242982824406
5369,-576459403995,1.0573779124935592,3.283343632846648,0.016775033120744576,-0.067267092216592
5370,-576459403922,1.0467262032610014,3.2851041336331965,0.008979779483802795,-0.06625423054518922
5371,-576459403727,1.0318265555161787,3.2798679214965376,-0.005031644558759918,-0.07051039889332722
5372,-576459403544,1.0183752423657573,3.2764124206993688,-0.012401291226562312,-0.07191593919721002
5373,-576459403290,1.0431164133238011,3.2743176592420515,0.0026455687138577065,-0.073825234188704
5374,-576459403197,1.0343370005551278,3.2730686303358305,-0.0039284967535716305,-0.07446309743609626
5375,-576459403122,1.0538386094445504,3.280031613646989,0.006945465509667347,-0.06950980868324205
5376,-576459403048,1.0419100359140385,3.281444753437755,-7.966159746485039e-4,-0.06915083142812181
5377,-576459402926,1.0367291732222994,3.272078422405024,-0.003320770485500536,-0.07750815439002796
5378,-576459402890,1.0298194985357751,3.269847962539985,-0.007359808405401038,-0.07877448057418042
5379,-576459402827,1.0363904277273548,3.26888388719655,-0.0034845593544419605,-0.08019694163250082
5380,-576459402744,1.0240699023002955,3.2677372880450566,-0.010704810805496116,-0.0782458107826404
5381,-576459402628,1.0326740653484268,3.267215504830577,-0.0053602481447596355,-0.07777793540093506
5382,-576459402582,1.026070281716401,3.263263993749052,-0.010057078343676485,-0.0809085314482706
5383,-576459402492,1.041232895919896,3.265380262269218,-0.001078683280819304,-0.08003179837349955
5384,-576459402431,1.0218799622409043,3.269420423034686,-0.013024980257593279,-0.07471633461406448
5385,-576459402346,1.031716533977304,3.2703218505037093,-0.007852676023298234,-0.07412839222372783
5386,-576459402275,1.0197917441791284,3.2699524750445876,-0.015318774923733108,-0.07349699361552917
5387,-576459402186,1.0256631966253125,3.2672412943284495,-0.011596503742271419,-0.07360055462412117
5388,-576459402126,1.0138810518090466,3.2680487211892584,-0.018304469829912837,-0.07265520914606588
5389,-576459402041,1.0224351145445207,3.2690969841009836,-0.013085725562708678,-0.07199485727110574
5390,-576459401959,1.0081259148561552,3.2691257419334736,-0.020751648530261534,-0.06989080225894033
5391,-576459401889,1.0202827359260345,3.2720747453747148,-0.011910757766017915,-0.06812250551920633
5392,-576459401823,1.0143481649100465,3.2698651105489906,-0.015019109616579849,-0.07140455926489388
5393,-576459401622,1.0069486077861782,3.2597218568471718,-0.013426066572135718,-0.07070684965701032
5394,-576459401447,0.9924811069679885,3.2583749738240475,-0.02896545903613568,-0.05370587128835345
5395,-576459401311,0.9812366404000414,3.256322593187731,-0.03568412606438758,-0.04486516413189373
5396,-576459401219,0.9697226106745392,3.2476106945122356,-0.03836160638417625,-0.032776500484069326
5397,-576459401136,0.9637932692767055,3.2482200043764244,-0.04154263487847047,-0.015085539988474792
5398,-576459401065,0.953574053859538,3.242756562145045,-0.044066481368073035,-0.01977855299603571
5399,-576459400996,0.9486872370713821,3.24242862943444,-0.043439349713641426,-0.015413370983024002
5400,-576459400900,0.956201175303575,3.2488504652643257,-0.04453291184082145,-0.0054928869421465056
5401,-576459400724,0.9234925102694403,3.2299826320328737,-0.04903474205693749,-0.023721549894128134
5402,-576459400546,0.9185086535741129,3.2293541291010937,-0.06192424740516176,-0.0310099495356742
5403,-576459400413,0.9037927296470629,3.2164418898274243,-0.055890359323394034,-0.058896692901819876
5404,-576459400337,0.9347664253722098,3.1982361079035746,-0.039226730401636205,-0.06579586586044574
5405,-576459400246,0.9236045009118613,3.18597939959933,-0.0397217896603741,-0.07368173115193725
5406,-576459400174,0.9348084634071323,3.1738389848324426,-0.03803585093097734,-0.08997756374481013
5407,-576459400111,0.9149349609463947,3.1568608597006125,-0.0542975432416642,-0.10829854419396093
5408,-576459400019,0.9343684161521092,3.1336520521322226,-0.04236935119067259,-0.1488955243520338
5409,-576459399941,0.928432964975436,3.12145505109895,-0.04506567372280755,-0.1680806119267714
5410,-576459399876,0.9127344191721196,3.1125275061986066,-0.05553517421177395,-0.16757061810089488
5411,-576459399802,0.9017117866769435,3.0957279278278524,-0.0603549206717312,-0.15559121274549037
5412,-576459399716,0.8962873455355918,3.0821136070256907,-0.07204591233278951,-0.15677860115500517
5413,-576459399610,0.8930464511604198,3.069453411656106,-0.06992100284402769,-0.13364633604678638
5414,-576459399524,0.8831783694572544,3.0599848293660807,-0.06748888593379439,-0.12932975073022232
5415,-576459399453,0.8788444255860927,3.0514818882013244,-0.062298334612606386,-0.12141548166941533
5416,-576459399347,0.8790763658023473,3.0404170216838438,-0.061714434170382325,-0.11577487145477866
5417,-576459399307,0.8735102027631911,3.0313664800482427,-0.07066401343430141,-0.11975514617258642
5418,-576459399230,0.8827903228504028,3.0173946506631255,-0.06212052317722506,-0.12653057923031688
5419,-576459399004,0.8745587427008987,2.991781983309234,-0.06093283931448339,-0.1354144575448237
5420,-576459398929,0.8808650256918006,2.975813078055267,-0.05664214654007686,-0.14818128114341247
5421,-576459398848,0.8816013196903744,2.968463881010626,-0.05558721275402981,-0.13026772116891436
5423,-576459398660,0.8989407024998569,2.9464040099790383,-0.037384885148629615,-0.09787236846243563
5424,-576459398586,0.9116641621630327,2.932098999427059,-0.022019229070851548,-0.09894963649783946
5425,-576459398511,0.9018392335328959,2.919472985959976,-0.024237003647463513,-0.10949194927366464
5426,-576459398310,0.8844039600561314,2.882170237678321,-0.038884637659157395,-0.1861808211447511
5427,-576459398144,0.881769406547504,2.8567882664910216,-0.026210845709147928,-0.18802781805859586
5428,-576459398029,0.8660259860803001,2.8170778721973293,-0.018564175062865403,-0.20047325335340277
5429,-576459397950,0.8884216781781259,2.790438063153942,-0.027467631396911676,-0.21327450880927976
5431,-576459397788,0.8967494883180124,2.7508468105654993,-0.06023175646980439,-0.21463834908160376
5432,-576459397711,0.9011713889711044,2.7415339905352702,-0.06618147993770114,-0.21942866680306639
5433,-576459397636,0.901869625855286,2.72444706036178,-0.07086033350595138,-0.24133056044335685
5434,-576459397529,0.8968368423796037,2.7021797575139748,-0.05351388403370627,-0.24615623420678756
5435,-576459397481,0.8886899075952833,2.68757904568212,-0.04756717827466128,-0.27718456109205114
5436,-576459397286,0.8756101021618831,2.634248336481078,-0.03794243239576517,-0.26454437714467754
5437,-576459397119,0.8716468083931925,2.5917590932797614,-0.04117503484383203,-0.2570037153357152
5438,-576459397005,0.8694928347247516,2.561337137438974,-0.02119613270860703,-0.23482493895103307
5439,-576459396806,0.8638246576420789,2.519135720711424,-0.03853529606994061,-0.24088499263454252
5440,-576459396637,0.8585866028186213,2.4843264328022165,-0.02595033280183059,-0.24081949368440275
5441,-576459396536,0.8589992859013339,2.4497830427279843,-0.015242613706175828,-0.26105338638825404
5442,-576459396441,0.9029834966032287,2.4573720013712532,0.018303395036753246,-0.2446974903631312
5444,-576459396288,0.9080283256456922,2.423718622066693,0.027891682423661125,-0.1884063950095809
5445,-576459396213,0.9184191629862116,2.4070384244474763,0.02957708889166446,-0.1457036974319036
5446,-576459396130,0.9129076083452693,2.3910958668466376,0.021667523233521172,-0.11452912254078741
5447,-576459396039,0.9184628512195046,2.3823329539251272,0.02302378978688838,-0.11412044405902637
5448,-576459395982,0.9198710271411621,2.372169360938202,0.001986763367585312,-0.13156806711562208
5449,-576459395909,0.9320288909144016,2.356315843752136,0.010156729648169783,-0.14988252906649646
5450,-576459395849,0.9225290852086945,2.342146694094321,-0.0074490138769736074,-0.1541091046792741
5451,-576459395747,0.9310344619435564,2.3214022777519983,-0.0073998989596477036,-0.16966756257317628
5452,-576459395635,0.9211891846914815,2.29730390513213,-0.01379772536430768,-0.17943535216900014
5454,-576459395115,0.9610493762570246,2.171662213633338,0.02271137554065078,-0.27188746745805537
5455,-576459395050,0.9601943812166281,2.142638715582238,0.017355853049958063,-0.280342255749721
5456,-576459394986,0.9449584945320344,2.1107688741208297,0.0031012368136115968,-0.28916853678764465
5457,-576459394915,0.9438095813605881,2.091127727010778,0.0056561007105593595,-0.28507159200230703
5458,-576459394714,0.9529817768371942,2.027633142980483,-0.002009118853957466,-0.29859016768201113
5459,-576459394542,0.9524848242315206,1.9803228773112524,-0.013232055625826309,-0.3057587683740013
5460,-576459394421,0.9479265641571061,1.9386854784715455,-0.027305534157834696,-0.31138019651555027
5461,-576459394325,0.9929227307219513,1.9492821960563376,0.020145683396562718,-0.27282835384923715
5462,-576459394236,0.9861316820046636,1.938986339848768,0.017804923287066676,-0.2671134084142788
5463,-576459394139,1.0059718426121662,1.918652534078156,0.03856789552077326,-0.23507213395474952
5464,-576459394036,1.0102538198310242,1.8951311315573864,0.04632059193551696,-0.23668150504308097
5465,-576459393942,1.0234937412220562,1.8866823801493116,0.053209477160463044,-0.22776532061304297
5466,-576459393878,1.0186302862709145,1.8720497206539681,0.04880613017728935,-0.21231430968057355
5467,-576459393805,1.0404398973437463,1.8706402429920352,0.060504738009626455,-0.20672951225711694
5468,-576459393732,1.0331022951077329,1.8625365761366286,0.049759148356529156,-0.21152420968803404
5469,-576459393458,1.1337485810481276,1.874104384854794,0.10283133912511896,-0.2047636095187035
5471,-576459393295,1.1211127784843236,1.810948950685077,0.07279853799001657,-0.23520151765648942
5472,-576459393227,1.1171835194463804,1.7995912124015123,0.057357662670665784,-0.24593121233742885
5473,-576459393141,1.058678350582472,1.728571944726443,0.004310128702138781,-0.3168670923601957
5474,-576459393042,1.0424778490923814,1.719118992437622,-0.001475187781761778,-0.3236453103570485
5475,-576459393001,1.0283193553345695,1.681880524175853,-0.003504898000356643,-0.3350959589731787
5476,-576459392915,1.0112039839707794,1.6626711634968867,-0.01644839065876497,-0.32016026221925936
5477,-576459392843,1.000201611732016,1.6290680212577795,-0.021972355774723236,-0.38055917468640077
5478,-576459392742,0.9678511909381438,1.618278891848213,-0.049252375225966705,-0.38112404774542674
5479,-576459392679,0.9693658503208346,1.5877600091872774,-0.041206235480989825,-0.4207263947548084
5480,-576459392603,0.9364961070716981,1.5727086688980225,-0.06125253617510901,-0.4317484127377004
5481,-576459392540,0.9512935127254333,1.563508025310181,-0.048632099484323656,-0.4147649346032057
5482,-576459392378,0.9657889297379357,1.5174428544169798,-0.032821043875729185,-0.3994646348539626
5483,-576459392268,0.9037581757070662,1.5093861901746335,-0.09317394175763444,-0.3545822634936856
5484,-576459392191,0.9209721754731598,1.5083624199017862,-0.08773947917030708,-0.33741107244820395
5485,-576459391726,0.806714610189277,1.3835523725394783,-0.19741176756800893,-0.3205727234806049
5487,-576459391397,0.6971422143451148,1.299187813722824,-0.2451842675242758,-0.30061772389320474
5488,-576459391320,0.860038642308165,1.5145133496172123,-0.12767222588450855,-0.12052802765689652
5489,-576459391195,0.8509436001223714,1.494580809635953,-0.11402595570648727,-0.12495322055163165
5490,-576459391133,0.9322381108323741,1.5916376116232709,-0.055294367899326895,-0.04994249237016826
5491,-576459391056,0.9361219994280554,1.5813790937786292,-0.0501329432483422,-0.05556524562090292
5492,-576459390980,0.9874634327475128,1.6374347121452246,-0.016474830197491075,-0.013426872705195707
5493,-576459390904,0.997386686529598,1.627192197056543,-0.010871925268791955,-0.026219179748941463
5494,-576459390833,1.0426090019611143,1.672130572982441,0.012397978502889442,0.004422247552803973
5495,-576459390755,1.0529706584390146,1.6647103338527525,0.016347768345385587,-0.008473389415137119
5496,-576459390648,1.0658649308324244,1.6757471521568288,0.019203079767589566,0.006246462155604164
5497,-576459390589,1.077575044102526,1.6679503861146914,0.022983180199839543,-0.015667885986486375
5498,-576459390511,1.0996152938501669,1.6849282681136883,0.04414347721067456,-0.0017542546738843548
5499,-576459390426,1.115745571829102,1.6754636920206705,0.06030909237500614,-0.011116428527531638
5500,-576459390339,1.1348470942841977,1.6888582901474372,0.07429587727224844,0.0018363245409329567
5501,-576459390280,1.1462562405775578,1.685489831206077,0.07477348674275791,-0.0034556495760460653
5502,-576459390198,1.1672861761917774,1.6982251062100389,0.07968097393659006,-0.003531233307734888
5503,-576459390128,1.1774851455475273,1.6945187621842022,0.08657364336550434,-0.006349494072139317
5505,-576459389979,1.205796957379871,1.7049527304695902,0.11348885976343484,0.030997269875743444
5506,-576459389893,1.2281422226575245,1.7175674431281172,0.1273360377585289,0.03227379720420592
5507,-576459389820,1.2479056763938468,1.7096304342514868,0.13636003083148346,0.015237466561726067
5508,-576459389615,1.2790082749649392,1.7105261996482684,0.14823898901612403,-0.0016925452206911376
5509,-576459389444,1.3046853544064816,1.7065491036995908,0.13551165733255235,0.008370511697550924
5510,-576459389190,1.3430046694301288,1.7115592915897697,0.13966138121079058,0.024670567926237078
5511,-576459389108,1.3576800468929264,1.7076731170673876,0.13968600569178397,0.018820642796634562
5512,-576459389035,1.3571615299664708,1.7011930083538012,0.13292191766749434,-0.006096778873726235
5513,-576459388945,1.3724736539033264,1.7000722566361475,0.1278113442045819,-0.005932502455336367
5515,-576459388790,1.386113420741162,1.7035797466877542,0.13242431561885218,-0.004939381464764222
5516,-576459388714,1.3869865796856402,1.6973497400107127,0.13120344298328365,0.0027167486216656666
5517,-576459388634,1.3956858464060193,1.7008322399861635,0.1420657670201421,0.028798639857759586
5518,-576459388543,1.4059728346151574,1.7031754780438955,0.1484377424255794,0.03210354271096241
