5519,-576460729764,0.9036321078408506,3.16387863915366,0.010308897186625005,0.03683832205349428
5520,-576460729664,0.9001122962910239,3.1762383930135396,-0.0041031753921950825,0.05889296829600513
5521,-576460729593,0.9091623328167951,3.207292620462993,0.020469391242253172,0.13131482841783407
5522,-576460729505,0.90686861660397,3.2251658849698592,0.010355219802787122,0.1415297671825937
5523,-576460729416,0.9236239612232342,3.268043632614751,0.0409087919464895,0.20024505747011728
5524,-576460729344,0.9223753540554581,3.2874710603487602,0.032435025785856074,0.20621453981522292
5525,-576460729249,0.9263330605069425,3.307195163828693,0.03262760352996593,0.20253467695997854
5526,-576460729153,0.929707420495565,3.3271140472561993,0.03168681820627245,0.1973649395721893
5527,-576460729076,0.9297786233201902,3.339780123869624,0.0278863555293636,0.19016160442382218
5528,-576460728797,0.9922112649586838,3.3530875027532847,0.07915419112971592,0.1346177305929873
5529,-576460728709,0.973454234089618,3.347765787423129,0.054553673473654585,0.10978005933405799
5530,-576460728625,1.0071691341425244,3.336479834738088,0.08194216908057123,0.09056820660798665
5531,-576460728547,0.9959917545241882,3.334918380407834,0.0636329214121972,0.07086609876326799
5532,-576460728482,1.0194659419953818,3.3309209393437262,0.07821591403260399,0.05771102589642096
5533,-576460728397,1.013564469421785,3.3288053640585633,0.06791779726782392,0.04574612935409422
5534,-576460728319,1.0318173146059544,3.32672059255743,0.07653861474112154,0.03483956797733564
5535,-576460728243,1.0216437933155158,3.3208278848009787,0.06461339817507965,0.02230322595375843
5536,-576460728163,1.029166655923858,3.3213480669914484,0.06541742604020866,0.016673649808823753
5537,-576460728087,1.0268995751132421,3.318615059186295,0.06015559068408372,0.007775588482702033
5538,-576460728026,1.024725840746665,3.321393181105343,0.055426023573982554,0.006093811008414449
5539,-576460727929,1.025364859248742,3.3191626220970676,0.05134385503602619,-0.00275795268645286
5540,-576460727868,1.0325880582783102,3.3171545431358465,0.053387723459699506,-0.008476980487795981
5541,-576460727793,1.0281887303214727,3.312437389405248,0.0484088217750635,-0.01624993641705794
5542,-576460727714,1.042649691962851,3.3063368249796703,0.05394228538055632,-0.026359733710738565
5543,-576460727638,1.0289978043013892,3.294463944341822,0.04271625134231552,-0.0404162034052862
5544,-576460727562,1.0217164107497008,3.295870212115452,0.03581413826099563,-0.03951778059621941
5545,-576460727488,1.0244015949857592,3.2933206680334246,0.03527288265116818,-0.04345081889942524
5546,-576460727409,1.0271458358428922,3.289469288877366,0.034265552057247836,-0.04793923854716374
5547,-576460727343,1.0338335352249184,3.2887149555494166,0.03658494913532133,-0.049854211221587036
5548,-576460727244,1.0207058332977612,3.2915014832923077,0.026390504774012224,-0.048582319733188245
5549,-576460727180,1.0152021791934536,3.283799668282995,0.021504593812704937,-0.057531514438231166
5550,-576460727103,1.004313014168636,3.2856337584734185,0.013442760419371366,-0.05565170605471254
5551,-576460727022,1.0091806618225942,3.282562102988805,0.015132504492405429,-0.059495766539656395
5552,-576460726960,0.997111351581719,3.284936732138302,0.0074559081983050215,-0.0563532483925008
5553,-576460726862,1.009456245211792,3.2866667293756113,0.012683225572444492,-0.05415664411116147
5554,-576460726798,1.00236770743972,3.2869161101124016,0.00757865456755839,-0.05378088892064442
5555,-576460726724,1.0071701941876883,3.285518919675865,0.009737753271089687,-0.055723384144651965
5556,-576460726641,0.9998555734452135,3.284868216386329,0.004677497564432985,-0.05647058441476722
5557,-576460726569,1.0063118505245199,3.284428499297311,0.00733478964271828,-0.05688613628812588
5558,-576460726493,1.0062576807767973,3.2801047911725996,0.006419394587864215,-0.06134267223952641
5559,-576460726425,1.008758719120562,3.2772280064785355,0.0073152968428451225,-0.06336820066141462
5560,-576460726339,0.9890890606410914,3.2817601523450666,-0.005313200878786544,-0.057406148695999255
5561,-576460726258,0.9916462844176972,3.2789199145906633,-0.004341400302221,-0.0607767835347472
5562,-576460726182,0.9970570241928899,3.271227160846657,-0.002635694276657327,-0.06885722094248824
5563,-576460726107,1.0007836960486083,3.2683905702194473,-9.7528686947105e-4,-0.07177871234557913
5564,-576460726029,0.9905025237190342,3.2680953251867546,-0.009432401821524525,-0.07409770906109535
5565,-576460725952,1.0086012349742686,3.2741933200136963,-0.0029873385910438,-0.0693475407172635
5566,-576460708457,-0.31931427152578984,-2.283161053151017,0.012149327894837789,-0.815244659463677
5567,-576460708357,2.2229148876510005,-2.9141957084476795,0.24260676575431894,-0.8749609266043179
5568,-576460708281,1.2526951660319097,-2.331619287411268,0.1706213228993244,-0.6861883018245281
5569,-576460708193,1.4126699517263501,-2.200341654395284,0.25978512767176243,-0.4931846107282504
5570,-576460708091,1.317656854048075,-2.1566663298786284,0.21557563886720282,-0.4414007800115056
5571,-576460707371,1.342780284256092,-2.2729763826701133,0.08877096396417192,-0.20705658098742782
5572,-576460707317,1.5870498978475167,-2.1009861018669107,0.2698225663004842,-0.01864895441819217
5573,-576460707039,1.6000584408355087,-2.069692106859753,0.22228745148759912,0.039916240200957166
5574,-576460706652,1.696307674624135,-2.0580994607921195,0.2732276707562103,0.044999730602852984
5575,-576460706565,1.6447616752656378,-2.11946996579586,0.2165477353210673,0.009176658246859995
5576,-576460706500,1.6232747233454758,-2.1052493237734686,0.18635350579003396,0.006125331894018862
5577,-576460706424,1.622115453775932,-2.120070586246223,0.1752606717795187,-0.0197611219409009
5578,-576460706349,1.6413198847134467,-2.1238776392492036,0.18870386523995478,-0.024962560627088938
5579,-576460706272,1.6390961675735385,-2.1397429747966186,0.1712402430070479,-0.03766893612309764
5580,-576460706194,1.6450657916618996,-2.1399412061412777,0.16882278355188546,-0.03266230909260946
5581,-576460706120,1.6404259614440349,-2.1596512854984775,0.16523150957471636,-0.05687178719396022
5582,-576460706041,1.639917357121262,-2.158685574687131,0.1553213913017007,-0.04560573927706428
5583,-576460705968,1.6320686861602607,-2.178819917923535,0.14636075671262608,-0.05208514268941475
5584,-576460705877,1.6382513630157465,-2.1802110335397002,0.146135766246192,-0.04544330448525185
5585,-576460705798,1.6353061184300226,-2.1964590598240403,0.14257574802661727,-0.057265675934321456
5586,-576460705729,1.6394425801107475,-2.198778694306306,0.14321369018286773,-0.08487650487882589
5587,-576460705657,1.638072081213081,-2.220474593131355,0.11659026199730864,-0.1298518668941298
5588,-576460705590,1.6321372993775212,-2.2225267183816104,0.09613044750679627,-0.10369722445764967
5589,-576460705505,1.6260147336401498,-2.242875248127489,0.07402798454181823,-0.08417587606223864
5590,-576460705423,1.6186462815768705,-2.2433305917304898,0.0624281444957571,-0.08081198463070005
5591,-576460705358,1.607031373895703,-2.2614827403833004,0.05530314065268674,-0.12302086876439483
5592,-576460705274,1.6232937796820888,-2.2808190681475433,0.05959611585704718,-0.16502042966310437
5593,-576460705200,1.6210480309865316,-2.2990143586789906,0.06004311325427214,-0.16606236932478471
5594,-576460705126,1.6306947817804864,-2.3136785964404227,0.07942138390778072,-0.17416115188258918
5595,-576460705051,1.6305610824729533,-2.3306281732515255,0.05473011241551115,-0.16020239695836752
5596,-576460704978,1.6368813612332773,-2.34388307395506,0.04813228687019566,-0.1734956074521202
5597,-576460704903,1.6376413087101165,-2.3576568154476187,0.04487047940968044,-0.18962469598303358
5598,-576460704828,1.6349671346388972,-2.371693677322001,0.042332171495830025,-0.2094570341637429
5599,-576460704763,1.6300068617447683,-2.3928427601371687,0.04325146930259771,-0.23403687660773925
5600,-576460704680,1.6464145539404949,-2.418883215605483,0.05801998795596204,-0.24483434163299608
5602,-576460704522,1.6562318311254984,-2.449162332651444,0.057686262643735164,-0.21718656778680956
5603,-576460704448,1.6440757204014533,-2.4766537552533556,0.04308828268533819,-0.2228479502675549
5604,-576460704377,1.6490351839150363,-2.4955640093809395,0.049359539970490286,-0.22742235507549052
5605,-576460704296,1.6554810367451773,-2.5116094773850275,0.051335296107665636,-0.22704745367213894
5606,-576460703940,1.6702857626176912,-2.6008547339045927,0.04274771697941573,-0.27652022765412837
5607,-576460703804,1.6773454724603438,-2.6408146371098233,0.04494863919360399,-0.28904074444131217
5608,-576460703731,1.6704794544434878,-2.657905810876181,0.042368403804722066,-0.29612916785150956
5609,-576460703647,1.6748088125682024,-2.6824995309906092,0.04701513537310569,-0.3020737509442044
5610,-576460703580,1.6519214690339792,-2.691414336967429,0.03584366077142802,-0.287551476387669
5611,-576460703500,1.6559098404083894,-2.712746681995507,0.039398401426246746,-0.24316413092595618
5612,-576460703421,1.642900470537615,-2.7237516205170973,0.029507405391685646,-0.2192623002609336
5613,-576460703350,1.648759575223749,-2.7366954014136566,0.023506738225555976,-0.225859755599093
5614,-576460703275,1.6450203562853154,-2.750982236101074,0.01629087362052357,-0.2099659632198449
5615,-576460703193,1.649011009443325,-2.7649279645178426,0.021859841470750214,-0.1804329534222353
5616,-576460703117,1.6340373821550505,-2.7712143457732954,0.015259881248662361,-0.159367493517703
5617,-576460703028,1.6458136449282357,-2.776735371974707,0.026102278152177735,-0.15580032450261297
5618,-576460702943,1.640939807608425,-2.7874154018658714,0.02370094292872844,-0.16178410034847562
5619,-576460702872,1.6417872615713636,-2.799846975875244,0.021059230245895472,-0.16213643500596586
5620,-576460702793,1.6229069897964792,-2.803343455077523,0.0029718749808933034,-0.14065371464413756
5621,-576460702716,1.6349568015204154,-2.8032672141401154,0.017536182040515144,-0.08580824964351669
5622,-576460702641,1.6222984429775804,-2.801998019325093,0.013624184090290934,-0.060244230969598786
5623,-576460702565,1.6279930899929693,-2.803062613649887,0.004910983129716863,-0.056574605249772356
5624,-576460702489,1.6190668926515752,-2.8028443180376694,0.0014404905076870313,-0.0467461918093844
5625,-576460702396,1.6243898692652894,-2.804566115949298,0.0216724187696164,-0.06840297225106423
5626,-576460702318,1.6071222817106006,-2.8019697921843743,-0.002083405970009179,-0.07271800921132068
5627,-576460702233,1.6084912482503755,-2.8101706383952463,0.01808277044112522,-0.11069607160213013
5628,-576460702145,1.5894861270284206,-2.808273051294954,0.004941165972168296,-0.030817903638565465
5629,-576460702084,1.5993374144467054,-2.801403707674168,0.015398560197842744,0.007112510906244479
5630,-576460702000,1.59614684125718,-2.7994334303037096,0.011557368244215526,-0.014704339088414318
5631,-576460701928,1.5987987317375287,-2.8000129326602163,0.004154742871876738,-0.047668295966282574
5632,-576460701851,1.6025138807282797,-2.805655419873264,0.004278110960908807,-0.06032068774038825
5633,-576460701784,1.6009163539510964,-2.8114293725704806,-0.006844246929926785,-0.08166235509435432
5634,-576460701700,1.6051670855782356,-2.8233864860562154,-0.020792863694853458,-0.1764501592882241
5635,-576460701619,1.6049846745742584,-2.8429605971164342,-0.052092607267468526,-0.25733720172789726
5636,-576460701432,1.5888972276212971,-2.8903107018238874,-0.12667874980447252,-0.26103856000954156
5637,-576460701352,1.5807353832166686,-2.9119276779629537,-0.14172438777622548,-0.2718751859907773
5638,-576460701282,1.5717167349065069,-2.930846176451851,-0.14545828181393552,-0.28568408334662043
5639,-576460701200,1.5580829833736969,-2.9542195703547733,-0.15302126954900538,-0.29024926932749834
5640,-576460701136,1.5552848475952532,-2.966925749279075,-0.1512242465866045,-0.27678464009416176
5641,-576460701061,1.5530270329463842,-2.9920622174785816,-0.14540180229120672,-0.28009663659545264
5642,-576460700985,1.5500427654961395,-3.006708897547739,-0.14011382214960835,-0.26247853873798277
5643,-576460700887,1.5550040132675107,-3.037792924786955,-0.12706121574885368,-0.2690605898865016
5644,-576460700837,1.5638743726929694,-3.0421552175266227,-0.11843334768801866,-0.2751992485857771
5645,-576460700763,1.5629537904464341,-3.0623281045484387,-0.11015785926089962,-0.2886184340245951
5646,-576460700680,1.5767657384360647,-3.0708722255509353,-0.08992602900468621,-0.27288646574503983
5647,-576460700533,1.5749288526400052,-3.1045240211581073,-0.0779719581954601,-0.28515834150994823
5648,-576460700370,1.5779380556664588,-3.1339847398847116,-0.06107605187019799,-0.2692509493684572
5649,-576460700295,1.5290362722044017,-3.133442974306407,-0.07277628256609887,-0.23626509921221509
5650,-576460700218,1.5388982295099947,-3.1398317740996715,-0.0628453956079563,-0.2510883311093546
5651,-576460700143,1.4850744325620926,-3.13791396080149,-0.0925757752325992,-0.26273056673771455
5652,-576460700072,1.4998434238774239,-3.1415822239963656,-0.07850233610548418,-0.2563025876854549
5653,-576460699997,1.4527818213082317,-3.1414731156108315,-0.09948192167194628,-0.2327137013829471
5654,-576460699933,1.45897956143846,-3.1479013382037095,-0.08966778744946272,-0.2153763640465247
5655,-576460699856,1.4335704307117454,-3.1548393100123544,-0.10122055258306986,-0.18885599794160848
5656,-576460699774,1.436855839678958,-3.1622772642888215,-0.09798043535053301,-0.1820401830016418
5657,-576460699692,1.3999612685468905,-3.1633889785667915,-0.11400653982224568,-0.1965267954399871
5658,-576460699621,1.418313736317085,-3.1615562962895654,-0.101032762913953,-0.19480993333410007
5659,-576460699549,1.4047690541074378,-3.1722114121296916,-0.10323585430235466,-0.17802304860155554
5660,-576460699279,1.3994333743913066,-3.2076130468651183,-0.09855748031500676,-0.15842591352765575
5661,-576460699195,1.3958905222151583,-3.223954129360461,-0.09750416128044832,-0.16499700569018116
5662,-576460699004,1.3605818958196765,-3.24104521976527,-0.0977675179207043,-0.12799805941984568
5663,-576460698929,1.4080294562278979,-3.2170783305566752,-0.059367474829188596,-0.13873297740872292
5664,-576460698855,1.3802809752442031,-3.214705489129392,-0.06478211326935918,-0.13959014975912976
5665,-576460698778,1.4106842299938336,-3.2036567606482595,-0.03160927957185142,-0.1269038999856677
5666,-576460698703,1.3975640687001898,-3.2077490437389917,-0.03172137754477048,-0.13204888062662215
5667,-576460698631,1.413934050791478,-3.205920432793341,-0.023346228312246198,-0.1239361923528365
5668,-576460698535,1.403738510375909,-3.212331302605198,-0.02332276619943539,-0.12036177948394516
5669,-576460698469,1.4272548014641864,-3.206134143589834,-9.803747383834455e-4,-0.11897449927472051
5670,-576460698394,1.4242129533745114,-3.214541152441407,8.466843373807879e-4,-0.14197822051989312
5671,-576460698317,1.4435790431285673,-3.212431362856262,0.018326524099888664,-0.1209068703031331
5672,-576460698243,1.4503826407473708,-3.22462021932585,0.031666350394882574,-0.1342855875804239
5673,-576460698164,1.4722915420729543,-3.222672655356141,0.05388059509428044,-0.12657497418646724
5674,-576460698075,1.4799096227738506,-3.2354139839023737,0.06770260424268178,-0.14009745047164407
5675,-576460698009,1.5023074699192533,-3.233052497092123,0.08427211793259425,-0.1305474541943259
5676,-576460697945,1.4886816556859048,-3.232809984195819,0.07920351388490283,-0.12541109273278722
5677,-576460697860,1.5100184151416327,-3.232590584012168,0.09164492660526762,-0.12158479902826114
5678,-576460697786,1.5036066191959219,-3.236628790359148,0.09361655872904424,-0.1324242601520576
5679,-576460697714,1.5365513563078523,-3.228840564409147,0.11711107633594178,-0.13194541254973702
5680,-576460697632,1.5489611255057374,-3.241924900344186,0.1274248808339992,-0.160058834914541
5681,-576460697559,1.5591288195556576,-3.253780175389426,0.11983259183524597,-0.16892883953285576
5682,-576460697486,1.5341584490433033,-3.2491936437440594,0.08862918553463711,-0.1469608641458704
5683,-576460697387,1.559351211933832,-3.2559721086087046,0.10159502298265143,-0.15765649618139702
5684,-576460697326,1.544726730831971,-3.255950172227604,0.09434706480475172,-0.14395491356330994
5685,-576460697240,1.5639787888999361,-3.260800301961967,0.10347173800758554,-0.15756792772252495
5686,-576460697177,1.5223538756845576,-3.247884327718281,0.11080662795085622,-0.11961341684207447
5687,-576460697012,1.4824598349583105,-3.2399740442130014,0.04305126975435549,-0.1410140727631164
5688,-576460696931,1.4876263860774812,-3.2464020866196477,0.03281631645494076,-0.1429552509430346
5689,-576460696859,1.4535560647805148,-3.2398147255774594,0.009424989926532758,-0.12360152122170477
5690,-576460696781,1.4567789514171186,-3.2473021937577182,0.00945105094605263,-0.11576042663634505
5691,-576460696702,1.4169429400333373,-3.2346864815311953,-0.01740748977584647,-0.09648849025381949
5692,-576460696619,1.417466075327783,-3.241051760796128,-0.02517245209348088,-0.0974596776628881
5693,-576460696527,1.3853203695806342,-3.2341181870588507,-0.03774112695532014,-0.07945109789925726
5694,-576460696458,1.3790859529033632,-3.242090738268473,-0.0218226649048887,-0.08455012056240206
5695,-576460696375,1.3482847920480208,-3.233894418599926,-0.023405856771528885,-0.08124629122575078
5696,-576460696300,1.3480349304586337,-3.2390336621124076,-0.02307916787769841,-0.08298996338700933
5697,-576460696228,1.3281342139803944,-3.23514269973074,-0.017390931427566723,-0.07853496756502704
5698,-576460696151,1.3338055283385513,-3.2373245047343326,-0.021963518359070115,-0.09010196084429692
5699,-576460696056,1.3020440301039458,-3.230507568379592,-0.05402360688060395,-0.07973798372985025
5700,-576460695993,1.303797657729903,-3.2325501451403915,-0.05456278460642069,-0.07805973899621253
5701,-576460695913,1.2742125940322293,-3.2249901524666056,-0.07980438678452187,-0.06712729756789691
5702,-576460695835,1.2646596645550683,-3.232707734583362,-0.07761665670883242,-0.07784243205308813
5703,-576460695768,1.2441155908147654,-3.229813723050195,-0.08300235468542135,-0.0718086747970935
5704,-576460695694,1.2443034679870713,-3.2319250718623946,-0.07315792134473617,-0.07835530417559322
5705,-576460695620,1.2188725837769478,-3.2265855853684067,-0.07693271876911745,-0.0713923053287855
5706,-576460695535,1.2206056791340492,-3.228154381977334,-0.06614217535772299,-0.07667732005742829
5707,-576460695463,1.196479921899394,-3.2233730916123395,-0.08053010303479263,-0.060183717252765105
5708,-576460695388,1.19894081380786,-3.222990725697228,-0.08326431367383906,-0.060060484595827406
5710,-576460695242,1.1799638969133663,-3.2220926726901844,-0.06942762653742911,-0.07281148892269702
5711,-576460695165,1.1600420818537853,-3.218843061574632,-0.0694774596576688,-0.06813155302890316
5712,-576460695087,1.1662223600281219,-3.218156232472944,-0.06065413972441007,-0.06952878521199911
5713,-576460695023,1.143756969381465,-3.211690346139352,-0.07369693041578851,-0.05455822325869324
5714,-576460694938,1.134559558357346,-3.2175757887074194,-0.08883810043514913,-0.057348810662531675
5715,-576460694861,1.1014843964929417,-3.206249186639973,-0.11596889634839026,-0.049111051880660964
5716,-576460694773,1.0876660691391569,-3.213209693069101,-0.12737602246582289,-0.07243101927843072
5717,-576460694703,1.0550216942336579,-3.2036017491657836,-0.14788483156670698,-0.06490487338690326
5718,-576460694632,1.0505490153929011,-3.2043133830289534,-0.1513444385002085,-0.046229952009773194
5719,-576460694558,1.0207731959263053,-3.1957581456211734,-0.1813415155356743,-0.034965726342447365
5720,-576460694487,1.0039280464964848,-3.2003391962327288,-0.20193803066482077,-0.048232253551464405
5721,-576460694400,0.9772331337342578,-3.199012553042327,-0.2193210233048829,-0.04544940724535219
5722,-576460694328,0.9735615695231186,-3.1964178679898114,-0.2138355251921316,-0.04590134546166048
5723,-576460694245,0.9439268502844674,-3.1921136211786165,-0.22352148602188499,-0.047773055357692405
5724,-576460694179,0.928643880759628,-3.195773950524974,-0.23426067642101883,-0.062069326422958454
5725,-576460694096,0.8974751252833755,-3.195162065016715,-0.28347377975882215,-0.07570306486487416
5726,-576460694015,0.8761577786044824,-3.200004571760512,-0.3134495547386382,-0.07167260433193431
5727,-576460693949,0.8507059751562039,-3.198765593785559,-0.3386888616115644,-0.06595196881255089
5728,-576460693860,0.8292256411940633,-3.2003867703238718,-0.3335982108275748,-0.07776237609511114
5729,-576460693774,0.7974255641399068,-3.204131512903452,-0.3325596293003352,-0.08246841964435711
5730,-576460693705,0.8000841335206503,-3.198671800126197,-0.31479334108054907,-0.07091179459581885
5731,-576460693633,0.7791668829784457,-3.2064805640775003,-0.3254493961759438,-0.09115047924313077
5732,-576460693543,0.7799260123672924,-3.2029774902150905,-0.29614295169905147,-0.09666577511579849
5733,-576460693478,0.7575650088320613,-3.207449281456236,-0.29720599173831125,-0.1074189955597991
5734,-576460693402,0.7652444658178486,-3.2035512300797118,-0.2874964600176632,-0.10672063992080472
5735,-576460693324,0.7442189802775157,-3.216804398008433,-0.28535122985436806,-0.12375133983997805
5736,-576460693238,0.7474010220994153,-3.2163360491746977,-0.2697890441944136,-0.12027122889485399
5737,-576460693171,0.7309445558823161,-3.2278266854932065,-0.2721025841950834,-0.12697326965196337
5738,-576460693089,0.7555674541391392,-3.2188798549592246,-0.24228582240493748,-0.11168355687413949
5739,-576460693015,0.7366695379678357,-3.2269942140615573,-0.24499476596268258,-0.11911425164633903
5740,-576460692942,0.7552863729545426,-3.2204567219857925,-0.22767960635981513,-0.10623414697169521
5741,-576460692861,0.73119997423265,-3.224089349848307,-0.22926504820087937,-0.10716081656153602
5742,-576460692797,0.7529121039481387,-3.2159991629653404,-0.2083554186151772,-0.09384543867093756
5743,-576460692683,0.7343394653501094,-3.2313434535516343,-0.20625890954243,-0.11162138970684307
5744,-576460692619,0.7638204323065962,-3.2205785340549964,-0.1791200077070363,-0.09571465995563272
