1,-576460696904,0.15378671815654776,-2.7020013637178106,-0.3130884363842294,-0.8300416589141985
2,-576460696796,0.7569495731726987,-3.290398188305961,-0.2818926678622261,-0.864460495833205
3,-576460696727,0.8316471903819701,-3.298356487849832,-0.2504450767191883,-0.8192731305827488
4,-576460696648,0.6898617458416046,-3.287005899947498,-0.2697752799133298,-0.8049499008560023
5,-576460696511,0.7936450626655278,-3.3420797137458678,-0.19715765094226684,-0.6826823423159557
6,-576460696487,0.7125716448186995,-3.318842374031133,-0.22024918839985874,-0.6397196977960782
7,-576460696381,0.8227195237249537,-3.3273356364848246,-0.13752348800936515,-0.5027927604955195
8,-576460696311,0.7620218237745597,-3.3246484494300876,-0.16700023895079763,-0.45522004383663317
9,-576460696241,0.8290500262229364,-3.318886901469276,-0.11176017132653485,-0.37524864401798
10,-576460696153,0.7660746329133625,-3.3092095473902075,-0.15423390120619382,-0.3195760228916391
11,-576460695902,0.8504583209357441,-3.31357420008839,-0.06820958350809696,-0.2174258259970433
12,-576460695830,0.786399552499204,-3.281644223403722,-0.12350142106546663,-0.16282871443066557
13,-576460695757,0.8531421057544969,-3.2569761498970022,-0.06671476374449165,-0.11672509430690581
14,-576460695674,0.8134422292882435,-3.241041856800196,-0.09950234063467053,-0.09313007829446077
15,-576460695598,0.8635130103847451,-3.224331870651538,-0.05661337537664985,-0.06726747391423611
16,-576460695400,0.8330694661993835,-3.2259312281103734,-0.0781093675775112,-0.06653444910006233
17,-576460695314,0.8559687074577491,-3.2198586728206764,-0.059152720126969316,-0.057884356572614454
18,-576460695244,0.8362553312703371,-3.214446737412557,-0.07396846521349243,-0.053208419598653106
19,-576460695160,0.8720040926471829,-3.203379070208205,-0.04675262945046808,-0.04177165338089449
20,-576460695087,0.8737077410081224,-3.209576778244267,-0.04489131676431437,-0.05018555179331528
21,-576460695010,0.8927783959169524,-3.2058911505689385,-0.031506463240655425,-0.047234193441329946
22,-576460694940,0.8855633828810989,-3.206487940366081,-0.03740432535779625,-0.04856557318578849
23,-576460694852,0.9011651129288999,-3.2039974469176777,-0.026966777757281898,-0.04639191766124064
24,-576460694783,0.9078139339246915,-3.2121655413935213,-0.023180031459253618,-0.055513025840338806
25,-576460694703,0.9140514883290245,-3.213218657849847,-0.02003970129559942,-0.05652612857174084
26,-576460694632,0.905306509982636,-3.2132632072777607,-0.027088808922681968,-0.05689944579339953
27,-576460694560,0.9288139701732973,-3.2080021475583833,-0.011905943429156983,-0.05073162803753572
28,-576460694485,0.920853745873959,-3.2088241697159066,-0.019427375481455122,-0.0524442879294201
29,-576460694415,0.9316770823139017,-3.207914960828916,-0.013802025613555395,-0.05106358197843621
30,-576460694334,0.9155784358682069,-3.2029977827175053,-0.02576770266098724,-0.0469027494729781
31,-576460694259,0.9230231810534764,-3.2034023417930575,-0.021976997812552537,-0.04762184826602408
32,-576460694190,0.9173491966068242,-3.204443590736476,-0.026874111157812058,-0.04974866344566335
33,-576460694119,0.9233407489470504,-3.204876422584968,-0.024164095250350993,-0.04994335126416839
34,-576460694034,0.911704896772528,-3.202778687969771,-0.032381067955420666,-0.049362650337809864
35,-576460693959,0.9172473868142966,-3.203807731898321,-0.029769763425511003,-0.05059209357411519
36,-576460693888,0.9074861299862661,-3.2028488799723647,-0.03694725909618517,-0.049579792120731575
37,-576460693817,0.9147037339411671,-3.2023637476138718,-0.032673633044895775,-0.04917259168666454
38,-576460693745,0.9107333824216371,-3.2049898066047486,-0.03502433763589661,-0.05267739791622169
39,-576460693672,0.9112808238289998,-3.2076077903640887,-0.035186067200367856,-0.055653559004706865
40,-576460693591,0.9096698073753164,-3.2122699893530835,-0.03724247371505217,-0.061013547879952224
41,-576460693515,0.9133323800131629,-3.2147643774624406,-0.03538497049436111,-0.0630869892657096
42,-576460693446,0.9071327601450523,-3.2169802487937194,-0.039878720283205805,-0.06547901678450967
43,-576460693375,0.9177139236292322,-3.215738040002801,-0.03356159042874017,-0.0632257629636107
44,-576460693302,0.9074242129827856,-3.2153474861574773,-0.04035470315063626,-0.062006284793337
45,-576460693220,0.9250594897948374,-3.2106349250287196,-0.029899641400952134,-0.054734520304405315
46,-576460693152,0.9174895231425721,-3.2109203121565923,-0.034768416755010766,-0.055813730132028616
47,-576460693073,0.926262589973125,-3.2106316658788314,-0.02975614027857603,-0.0548605167506887
48,-576460693002,0.9160299863111263,-3.2093097750624797,-0.03699852616318725,-0.05288646310657077
49,-576460692932,0.9296795391691968,-3.205622501333238,-0.02891239131883943,-0.04831191813270587
50,-576460692862,0.9195916595523782,-3.2038725566944355,-0.035610289077125414,-0.047574606894040965
51,-576460692773,0.9260563663017333,-3.203733268568075,-0.03187628568579283,-0.0479706405611286
52,-576460692705,0.9189062425147702,-3.2039248940645493,-0.036890592030166106,-0.049410504390384545
53,-576460692620,0.9281295451650238,-3.2020277556940187,-0.031489909969771614,-0.04779391079587773
54,-576460692546,0.9200475396501725,-3.201770766238339,-0.03673231867931019,-0.04841503025971082
55,-576460692472,0.9270643325820296,-3.2013131903879635,-0.032645341807416337,-0.04768505675935259
56,-576460692400,0.9215181253349659,-3.202711859775916,-0.03666451778385926,-0.04982503521000015
57,-576460692328,0.9339806168506829,-3.199193982965452,-0.028798768978445504,-0.046085915690500606
58,-576460692246,0.9311458053721046,-3.202213603803458,-0.031333244355119014,-0.05022129756242764
59,-576460692177,0.9376353583795637,-3.201653271635275,-0.027990769370018747,-0.050164837788647096
60,-576460692102,0.9345332521462973,-3.2058424569665616,-0.030889303817864398,-0.05580102963644934
61,-576460692031,0.9379455809509194,-3.2072137437809083,-0.029514159689287865,-0.057306847728274754
62,-576460691960,0.9315599085314108,-3.2086130698739215,-0.03467692645162829,-0.05882228827952554
63,-576460691872,0.941905206875764,-3.207370735691621,-0.028587869032149778,-0.056491316885233636
64,-576460691804,0.9330326384534997,-3.2068274541756407,-0.03474178774419395,-0.057179249504347614
65,-576460691734,0.9315695202653338,-3.2105589530960827,-0.03662196040026521,-0.062207814515415724
66,-576460691662,0.9242144803306289,-3.2120753688561416,-0.041836655051285844,-0.0642862986797988
67,-576460691577,0.9220914716331992,-3.2164080236337327,-0.0436870011877776,-0.06856577743186995
68,-576460691505,0.9122675626254918,-3.216990953580978,-0.04995505747895378,-0.06888968942325402
69,-576460691430,0.9181742100450307,-3.2183190290919597,-0.04606798416601587,-0.06907962313958226
70,-576460691359,0.9045734374774992,-3.2161805212057097,-0.054798979686357906,-0.06653380114075491
71,-576460691278,0.9086519457557911,-3.217186731649981,-0.05248899573162697,-0.06678142970955418
72,-576460691207,0.904557412453629,-3.221977697185356,-0.0549078071145677,-0.07067612858810784
73,-576460691130,0.9146937072483713,-3.2212450023803982,-0.04802314292944663,-0.06802049413326361
74,-576460691058,0.8956788361875564,-3.2155467686124606,-0.05975555162389481,-0.06126146951657911
75,-576460690984,0.9052003299996053,-3.213593271091596,-0.05282363228676363,-0.05826314714993339
76,-576460690915,0.8955320562620089,-3.2137416427108128,-0.05877205115589697,-0.05884776968252675
77,-576460690833,0.9033265923521863,-3.212417821225487,-0.053505579951424624,-0.057231433395562664
78,-576460690756,0.8939153515296018,-3.214472631771806,-0.059073285695642644,-0.05922427021031823
79,-576460690686,0.9110719284533203,-3.208725291226877,-0.04759802694673711,-0.05222598124283576
80,-576460690495,0.914866249059538,-3.21196412603528,-0.04451257944660474,-0.05535065414299921
81,-576460690415,0.9113392732666695,-3.2156341914209907,-0.04655755712202428,-0.05883857361605819
82,-576460690342,0.9146983888101532,-3.2164216675776185,-0.04425916032469037,-0.05931371489437009
83,-576460690265,0.9071056798595244,-3.219700880876014,-0.0488338579909444,-0.06249572587124136
84,-576460690197,0.9225089735278723,-3.214193285447795,-0.038706620609860985,-0.056200277257295074
85,-576460690119,0.9131018543695657,-3.215620582555047,-0.044517382307909234,-0.05849976501880086
86,-576460690049,0.9167116992010227,-3.2165758743502533,-0.04175682255767763,-0.05918600718907383
87,-576460689978,0.9055796839648443,-3.2155248959343,-0.04845868692828035,-0.05847501699874981
88,-576460689909,0.9186772428701592,-3.2120042517015635,-0.0396669787886002,-0.05391312461532552
89,-576460689827,0.9115290728236306,-3.213127217214482,-0.04456257871545075,-0.056095710673679834
90,-576460689752,0.9180937007284984,-3.213193713351892,-0.04045828660439184,-0.05550613749302475
91,-576460689681,0.9105598643265341,-3.2143197231588854,-0.045554282752844684,-0.0573722109958537
92,-576460689609,0.9216462294557313,-3.211840560614191,-0.03873829714426974,-0.05490004181633636
93,-576460689537,0.9132461167706779,-3.2122742053377698,-0.044428640257132695,-0.05623930231460616
94,-576460689454,0.9158605387487042,-3.2136984844717986,-0.0429795234996725,-0.05779551560861678
95,-576460689383,0.9095362173457957,-3.215806930243102,-0.04737482293340279,-0.06023644070082091
96,-576460689310,0.9094409114982736,-3.2187201165542305,-0.04771736318224438,-0.06321418420560437
97,-576460689229,0.9006352038689849,-3.2217058845122715,-0.05295639238266293,-0.06545397666994932
98,-576460689161,0.9118012530226458,-3.2194719867844968,-0.04611880363119798,-0.06264447167053461
99,-576460689092,0.8984639796747828,-3.2169749803214978,-0.05484625545447347,-0.059644622765756154
100,-576460689012,0.8994900733219564,-3.2189611729083727,-0.053633604589843495,-0.06128275219862969
101,-576460688942,0.8923387732908998,-3.2210282127608485,-0.05778262726511996,-0.0641974506352307
102,-576460688867,0.900665139494922,-3.220573467812505,-0.052280230421239186,-0.06336636604154587
103,-576460688796,0.890723066944142,-3.220837242897521,-0.058373609030307055,-0.06359834654884258
104,-576460688725,0.9046775174027971,-3.2169784547990496,-0.04893005010545489,-0.05821665183045976
105,-576460688656,0.8956923214508851,-3.2173984894738377,-0.05403433339741742,-0.058888790293683116
106,-576460688572,0.9019785351409202,-3.216987252266942,-0.050303636462180744,-0.05820903414353598
107,-576460688496,0.8976153906818483,-3.22240464616541,-0.0531705113827526,-0.06396582446548436
108,-576460688426,0.9027083126248675,-3.2228157882383814,-0.04980730680363307,-0.06377027607870953
109,-576460688355,0.8979314576943118,-3.2266993840348372,-0.052274553946285295,-0.06778235408985374
110,-576460688283,0.9090579085970374,-3.2246763912985767,-0.04499838044363451,-0.0641862183675189
111,-576460688198,0.8956624900357335,-3.2225766486553793,-0.053784358150434926,-0.062470212491206226
112,-576460688126,0.9071129289157592,-3.21999289502514,-0.04541217373498907,-0.058710538950791896
113,-576460688048,0.8938701006097004,-3.219206559056696,-0.05370513629314973,-0.05833398055454358
114,-576460687976,0.9112249922502043,-3.2134926575263028,-0.042003432594372885,-0.05202553910922913
115,-576460687894,0.9032838665654089,-3.2137082841012994,-0.04687495105964755,-0.052852163170784804
116,-576460687820,0.9092411240698827,-3.2136614706784226,-0.04225979527175649,-0.05225844706190019
117,-576460687753,0.9025079608536906,-3.214697831072423,-0.04598988453958138,-0.05330547203934076
118,-576460687670,0.9104548596895364,-3.2132680163431715,-0.04071415966588324,-0.05096794290458422
119,-576460687597,0.9002080685899517,-3.2120910779850504,-0.04707094873890077,-0.050855770452763065
120,-576460687529,0.9164268755955169,-3.2065764876610445,-0.03615760163469377,-0.04483125741034769
121,-576460687452,0.9127330489272776,-3.2105851778138272,-0.03872415654853299,-0.04896072747221735
122,-576460687379,0.9227525823012371,-3.2080431827352887,-0.03281698440235435,-0.045889062003653634
123,-576460687306,0.9147346722163545,-3.2076909632261734,-0.037999747853863695,-0.047091712807387026
124,-576460687145,0.9079771737526449,-3.2161384261218893,-0.04341811746912748,-0.05894650530550494
125,-576460687073,0.9246664203283755,-3.2111450901353167,-0.03331035867384517,-0.053252226774995415
126,-576460687002,0.9126269265105457,-3.2080426037956995,-0.04061453254752381,-0.0508148962978281
127,-576460686919,0.9312248740036253,-3.2018417830969566,-0.028986922010892185,-0.044219820784831984
128,-576460686846,0.9222955301612046,-3.2004200967042093,-0.0352628240768362,-0.04451547603097604
129,-576460686768,0.9325533045904233,-3.198312182307345,-0.029794610583901794,-0.04359332457260356
130,-576460686694,0.9252959873940142,-3.198166426039699,-0.03566136851856436,-0.045408893864598586
131,-576460686624,0.9317564035874866,-3.1973517240484863,-0.03234216352408775,-0.04572874114082533
132,-576460686552,0.9211152963186018,-3.195205069711428,-0.04015242873828769,-0.04469613283447175
133,-576460686480,0.9267059764326764,-3.194574245153437,-0.03759718387063238,-0.04434409687025209
134,-576460686396,0.9271763903091399,-3.200135878260638,-0.03770084254989388,-0.05116917680911266
135,-576460686324,0.9360242104302121,-3.198540565259297,-0.032017814444548064,-0.05022089732498007
136,-576460686245,0.9368389271778441,-3.2059951880454185,-0.030359689343329332,-0.0596499123825727
137,-576460686173,0.937747242575242,-3.2089595955743015,-0.02885590134682392,-0.06246545737703482
138,-576460686102,0.919854733428344,-3.2016036213417327,-0.02825317224599373,-0.028409151284432374
139,-576460686030,0.9273376221298867,-3.1990851933440587,-0.02513313789774207,-0.022936013087286197
140,-576460685958,0.9172730974977713,-3.196142447830574,-0.03368221815251967,-0.043374841060589635
141,-576460685874,0.9197401369922955,-3.196936633882592,-0.031110252338826118,-0.034980647020215284
142,-576460685799,0.9104324445645203,-3.1938644272132057,-0.03990597858707655,-0.011123122867503261
143,-576460685726,0.9001992302790559,-3.19855262484574,-0.045221873819332466,-0.029247914965097842
144,-576460685655,0.8917874272862223,-3.197581418169835,-0.050503325937620525,-0.03504195115944216
145,-576460685585,0.887221908104047,-3.200534494159408,-0.05404079135299792,-0.037910141564299574
146,-576460685500,0.8817755517423407,-3.202422924596606,-0.05841875769888057,-0.04093650977191463
147,-576460685421,0.8917652286978747,-3.1995661102495654,-0.03873318590252317,-0.045246248260697994
148,-576460685352,0.8754829902573763,-3.1937683024716566,-0.05885991843439736,-0.04481963998892881
149,-576460685283,0.8675863715137505,-3.198354613005264,-0.061349542697642825,-0.038640809384811715
150,-576460685198,0.8693256621025295,-3.204767448109647,-0.05333145212120077,-0.024848362298620585
151,-576460685122,0.8639346902758097,-3.2084175387249765,-0.06387238394834059,-0.05417138248891733
152,-576460685051,0.8595700356095805,-3.212480429173047,-0.0592463384042559,-0.050643977069071915
153,-576460684979,0.8709949043540509,-3.2083978258797763,-0.044714172716425964,-0.03033896175752228
154,-576460684907,0.863266533514098,-3.207382384118862,-0.04813170032599036,-0.03251203898773301
155,-576460684817,0.8609452548606336,-3.2087731006912077,-0.049120210821895494,5.229714245081271e-4
156,-576460684745,0.8549639983296486,-3.2054583640232037,-0.06941903383099783,0.054745966379923454
157,-576460684673,0.8522611192741142,-3.199727540209145,-0.06287971315200341,0.07887222314831575
158,-576460684591,0.8386801631659422,-3.18828078696902,-0.08201559589809462,0.07669118011260821
159,-576460684513,0.8643349687120154,-3.165269169925027,-0.06413530403668281,0.12146008718930446
160,-576460684441,0.8589771189658113,-3.1542835141203525,-0.05237273905434778,0.15021330588591986
161,-576460684370,0.872274222743287,-3.136221309892438,-0.04002947739255842,0.14873963856882808
162,-576460684299,0.8701517186035962,-3.1265027229571913,-0.033007544992537705,0.13636955491875047
163,-576460684228,0.8855707219389516,-3.1089484843819735,-0.02134293978148699,0.1502965679586605
164,-576460684148,0.8810044894961481,-3.0959597243437194,-0.029948086750422105,0.1813907937414068
165,-576460684072,0.9043716825873414,-3.0660465408154423,-0.010972265526268104,0.23527048808742893
166,-576460684002,0.8958495169617468,-3.0435499418679393,-0.028071197339910512,0.26760724604912534
167,-576460683927,0.9079733839622312,-3.016772991058046,-0.024054864121664396,0.301299192135803
168,-576460683859,0.8988269918819092,-2.9902818746941424,-0.022861353714719267,0.30165218742669747
169,-576460683663,0.8906578383688298,-2.924614112762337,0.0051277720088940704,0.29823691457460955
170,-576460683507,0.8820251665184644,-2.8700466644709075,0.0027264922345298596,0.35830482755126414
171,-576460683396,0.8591660982307214,-2.8037162561460494,-0.04360346092349461,0.4097578014577612
172,-576460683327,0.9048535092082194,-2.753823523888373,-0.027006300881180407,0.4569491562616987
173,-576460683244,0.8919625914939432,-2.7132585105189992,-0.05309358751462032,0.4590843731985073
174,-576460683166,0.9162261000655155,-2.6597519497207833,-0.041802016966848335,0.47324563650333545
175,-576460683094,0.9137535677562065,-2.6246983291513315,-0.03137704544031578,0.5015621020947326
176,-576460683021,0.9223339949332134,-2.583566693776155,-0.013679360481087852,0.5009411195164516
177,-576460682951,0.907863060839511,-2.5400040756523965,-0.015261303146234589,0.47206323657230254
178,-576460682868,0.9111620371722522,-2.50641350033509,-0.00967345973643678,0.42645246742745335
179,-576460682795,0.9009905809016172,-2.469407769496467,-0.02233932309236744,0.4389992425905044
180,-576460682721,0.9168064611858135,-2.4214776563371374,-0.025219692990399736,0.46877458536136024
181,-576460682650,0.9234682612183532,-2.3949766611520347,-0.040393355109953316,0.4652526283919663
182,-576460682579,0.9166505901592952,-2.363623367898215,-0.047149531331264795,0.4618084953363155
183,-576460682493,0.9105748724460648,-2.328908774573832,-0.06018869179213962,0.45374612609107273
184,-576460682422,0.9156459327937986,-2.2922249364002,-0.06620747464583097,0.4440283867333455
185,-576460682345,0.9090871466081203,-2.2527050338112957,-0.07263748974414287,0.43099249440994936
186,-576460682272,0.9265502922196408,-2.2105398859016594,-0.06199189350338611,0.4472725551653463
187,-576460682201,0.9271659553040517,-2.181791698466587,-0.06250328585349502,0.4642886796314156
188,-576460682131,0.9266881177759512,-2.1475558146832583,-0.05060864632289131,0.4671531313435718
189,-576460682048,0.9273566009341032,-2.116844037511219,-0.03398878858045075,0.47175944235876716
190,-576460681972,0.9360883188875762,-2.0693349611273955,-0.018471839454089145,0.48820876991526435
191,-576460681903,0.9443819416978362,-2.042344276306288,-0.022785930951315113,0.4960463670073196
192,-576460681821,0.9434338811379201,-2.0059866274543694,-0.050029019728229616,0.5301874716870101
193,-576460681751,0.9485518899380719,-1.975833069833717,-0.05595296454757301,0.5346684563368159
194,-576460681676,0.9475955145115403,-1.9286102034475734,-0.06442379265840971,0.5044605358583176
195,-576460681606,0.9542096278296471,-1.904322226453552,-0.05850292903323457,0.4283037776962683
196,-576460681537,0.9516100584475262,-1.8762579804952697,-0.06492860911460674,0.3598457761572175
197,-576460681465,0.9599208469696332,-1.8640332029488356,-0.07725096196727085,0.2968242483815739
198,-576460681393,0.9693090130257306,-1.8343573424884039,-0.07599117436321595,0.3093468586416589
199,-576460681308,0.9711983316118089,-1.8173110345976462,-0.06926819751250626,0.32315426193598124
200,-576460681231,0.9755090467951489,-1.782542003697441,-0.0551421660652979,0.3412817855942179
201,-576460681162,0.9929956542319134,-1.7762932365187905,-0.043126198028456186,0.342864299651008
202,-576460681077,0.9995651175866002,-1.7397794371796538,-0.0492470080183634,0.3611438673590246
203,-576460681006,1.0148735081924656,-1.729930291287827,0.020171566797800237,0.3117499010141327
204,-576460680933,1.018214328381983,-1.7064211565130165,-0.018901025773817706,0.2781725705352447
205,-576460680865,1.0510853500607218,-1.7167422885458026,0.03243555932805175,0.20735938109781396
206,-576460680784,1.0576009166730338,-1.701525630472807,0.05673620811658913,0.17026615339644574
207,-576460680708,1.0211142047438695,-1.6522624095714324,0.027290119600738502,0.18848538259273762
208,-576460680638,1.0307577363345943,-1.6362354768387146,0.0199187912226833,0.13003236560092277
209,-576460680569,0.9827747982429663,-1.5885381920920045,-0.03229048423628633,0.10258270788095622
210,-576460680499,0.9831776109841268,-1.5819588838493825,-0.010028693980350608,0.07765509832375761
211,-576460680412,0.9744539893749931,-1.570678958490905,-0.009575999287435489,-0.0066701195664672
212,-576460680341,0.9845255320541827,-1.5648063342633918,-0.012140562116444587,0.02503075769564903
213,-576460680269,0.9679473105849326,-1.5482340492547915,-0.020628253168838394,0.027975201914443477
214,-576460680184,0.9783743448772072,-1.5403974922109795,-0.009857829811648677,-0.007610757100716462
215,-576460680114,0.9832912405169072,-1.5463845418166435,-0.009748165991549328,4.001642799879709e-4
216,-576460680046,0.9846415694294689,-1.544151426571188,-0.0034883438373050526,0.028719228573153618
217,-576460679971,1.0603111435217152,-1.6139676165070087,0.05706723994256807,-0.047952389076808
218,-576460679900,1.0703903772583176,-1.613724125605415,0.061817536894399075,-0.054526738667098784
219,-576460679815,1.0907077461281085,-1.630739290197897,0.06319579123025346,-0.034102044179831086
220,-576460679745,1.0933249664138027,-1.6343792067540386,0.060590235017811245,-0.04978801534709697
221,-576460679674,1.0958828003687122,-1.6372916128369073,0.060226974764101944,-0.06271083970366012
222,-576460679602,1.1000536147640003,-1.64127277404579,0.05485705578260623,-0.04603205677253443
223,-576460679500,1.090388645422841,-1.6322113561419012,0.04063175674871726,-0.03153621317720443
224,-576460679440,1.0854432495141517,-1.6407447289934767,0.03470628846825061,-0.04884794954951294
225,-576460679355,1.0658124079845765,-1.6243900131283366,0.013637933418311508,-0.023244938641837968
226,-576460679282,1.0680951590371837,-1.6245947990557843,0.012214843523093965,-0.008460403891384796
227,-576460679207,1.0873270219577844,-1.6420217054393482,0.02701040703195671,-0.03079043594110427
228,-576460679136,1.0909780989889342,-1.6430004949895514,0.026399974415083113,-0.030381034577480058
229,-576460679063,1.0779533557789773,-1.6319987050580618,0.012730477237534569,-0.015799226670518512
230,-576460678991,1.0809524347599393,-1.6315761493200596,0.013280956575057469,-0.014404615178477078
231,-576460678914,1.0710814938695863,-1.6231195224042174,0.0018043382031839306,-0.004773887989391757
232,-576460678847,1.0696669853884857,-1.6244816241329623,-0.0033452544080757574,-0.0073261003129648575
233,-576460678763,1.1115531680431672,-1.6627907967506361,0.032773968133164535,-0.04808575429710586
234,-576460678694,1.1162605094919322,-1.6643066436501994,0.03459928996502182,-0.045992792396899594
235,-576460678619,1.0960905089445596,-1.648159362810384,0.01430544898662606,-0.025258169759711662
236,-576460678548,1.0921840320881342,-1.6536118655100565,0.008450877715789475,-0.032197511598443515
237,-576460678467,1.0728792596087797,-1.638483690402314,-0.008852401635173715,-0.01823755841005149
238,-576460678398,1.0704776390172006,-1.6407865693929866,-0.011696693698251354,-0.014094439938482693
239,-576460678321,1.0407224093838978,-1.6163466631482721,-0.037676826816731485,0.011366157933967487
240,-576460678249,1.0462798633322672,-1.609819877837463,-0.03116839184825768,0.0156100132386033
241,-576460678180,1.0330103321182715,-1.5987359644914418,-0.0423321592440674,0.02551966222333376
242,-576460678110,1.0360250258039565,-1.5926493067243246,-0.04157475539531426,0.032372248235251026
243,-576460678028,1.0608773362025212,-1.6159158166940362,-0.02092328220436683,0.007909349256722546
244,-576460677952,1.0606063251030404,-1.6141127777921003,-0.02116104550148261,0.008217804419127322
245,-576460677885,1.0423565402520558,-1.5983733413270853,-0.03757006174827707,0.023293221676501146
246,-576460677812,1.0385667448682194,-1.597280177115851,-0.04052198195867558,0.025460218881349545
247,-576460677738,1.05402136983092,-1.612348649824222,-0.02660900093145386,0.012227102929146347
248,-576460677658,1.0558691488815108,-1.608945893300728,-0.022164172267934493,0.013320570130781554
249,-576460677581,1.0722925938717927,-1.6249043238797565,-0.011311224032568599,-0.005229708704296409
250,-576460677510,1.0721916620746326,-1.624838076151628,-0.013915835682386146,-0.006851865834166663
251,-576460677438,1.0510435302413987,-1.6074241633434185,-0.04682064081255087,0.00975262980729918
252,-576460677369,1.0466252431642042,-1.6070986177881257,-0.0719394061480314,0.004410591641654789
253,-576460677283,1.0652068402625872,-1.631160233503118,-0.07718669089702752,-0.030429965005650726
254,-576460677213,1.062357052752068,-1.6310891039475761,-0.10849338500476595,-0.040410577933740574
255,-576460677144,1.0857907405157894,-1.6637191222838652,-0.11085536398935653,-0.0788158198594553
256,-576460677069,1.0884460623418541,-1.660665945977448,-0.13717732799629886,-0.06967174776355864
257,-576460676988,1.0820061491222166,-1.6694917983497914,-0.15596729752412353,-0.06627063885721049
258,-576460676912,1.084555660074452,-1.6640130208517678,-0.16062144905275022,-0.06175476240646034
259,-576460676843,1.0739311327252803,-1.6702860332797966,-0.1796895485542673,-0.06601708950446394
260,-576460676763,1.0753674400460442,-1.6636330050823447,-0.18763443430821478,-0.06737896787154114
261,-576460676693,1.0527216585621832,-1.6591907502763168,-0.1939761795227946,-0.03488681293485347
262,-576460676625,1.0647618214487722,-1.6426731174774953,-0.19145992031358572,0.0022418050140566408
263,-576460676543,1.0591777495813093,-1.6491054232011755,-0.19904285341708483,0.01399720575706197
264,-576460676469,1.0556515807315718,-1.63654454634146,-0.21749347904532454,0.04159353841491854
265,-576460676400,1.049615025802819,-1.6420789701263967,-0.22952364319325727,0.043930638640402385
266,-576460676313,1.0595947336218008,-1.6167103144213364,-0.2305207441486983,0.06190181233707981
267,-576460676242,1.0618277719328415,-1.6298800600473173,-0.2369757751767374,0.04055782129811206
268,-576460676170,1.0677454687681434,-1.61096906140505,-0.24305968784473708,0.03677035041287631
269,-576460676098,1.0853762761512742,-1.6412905508585947,-0.226797293248758,-0.019352832521858283
270,-576460676028,1.0987768311825277,-1.6210549981549933,-0.21906473256529624,0.0021220965345298583
271,-576460675944,1.1046370978765474,-1.6385465558719057,-0.2002931464710757,0.005550410613981746
272,-576460675874,1.1205812336869458,-1.6158441202344562,-0.17079056933709075,0.02765535078698362
273,-576460675795,1.1329886711270536,-1.6375987398629641,-0.12830631778863252,-0.022319243906896775
274,-576460675724,1.168436432993352,-1.6059593629211328,-0.0795536124061293,0.0031692412709035597
275,-576460675652,1.1851493802386603,-1.6235849718604223,-0.046054349581872336,-0.011546665725025067
276,-576460675579,1.2157725715018397,-1.5975793383051107,-0.002498954642146438,0.020367351052725982
277,-576460675506,1.2454615778849971,-1.6192355896653987,0.03697770266590708,-0.00830870000708011
278,-576460675425,1.2848229769165815,-1.589213411967015,0.09554183298423047,0.02826107624577903
279,-576460675349,1.310556315384594,-1.5995807537031517,0.11888302675495085,0.004114923522955654
280,-576460675278,1.3521263926653067,-1.5701211091958025,0.17157636179879926,0.03525184061504849
281,-576460675204,1.3891228444482588,-1.5830655103152986,0.227422802102104,0.02969456365265684
282,-576460675123,1.4249197356657144,-1.5630105449748988,0.27912959128873593,0.03454069495503269
283,-576460675051,1.4693319718757976,-1.5722913480765974,0.3359852566533718,0.021235990721621613
284,-576460674982,1.4992463951705073,-1.5642250468790837,0.35309673850132295,0.027706047764761644
285,-576460674896,1.5264714233296839,-1.563199012531888,0.3787856456009982,0.02684804795106422
286,-576460674825,1.5570172317443907,-1.5584135142429816,0.39103582930414116,0.027134806506897386
287,-576460674748,1.586600039875866,-1.5529201046961763,0.38717198038900447,0.026723507823621723
288,-576460674675,1.6108786547991747,-1.5555082736348915,0.3806971227346218,0.012251322317132121
289,-576460674604,1.6234828581583212,-1.5461547542033691,0.36794275883889654,0.034881791111793944
290,-576460674534,1.6493775592898097,-1.5437667500009349,0.3702009756460795,0.03393866163219456
291,-576460674447,1.6664267394147292,-1.5330524447462162,0.3546675762807617,0.03407856318288634
292,-576460674309,1.6917693549196389,-1.5158357843882921,0.33142495876444,0.05030564250149077
293,-576460674225,1.7013919998319147,-1.5301366188000154,0.3193264433216446,0.03459375777789717
294,-576460674149,1.7119633342579637,-1.5181555413037389,0.30401380097631914,0.042002009621323846
295,-576460674078,1.7131321774024069,-1.5407194368107913,0.2867347852148653,0.017024060047708813
296,-576460674010,1.7082201544725493,-1.5269481303395744,0.26424233297939553,0.03184391362646129
297,-576460673928,1.7102237701429852,-1.545432964116168,0.2507635562198503,0.013317582310027935
298,-576460673850,1.707687284221601,-1.53178807750264,0.22911772703702382,0.027148815489522075
299,-576460673778,1.715236281679455,-1.5413367179650928,0.2200674996186478,0.0141920005380518
300,-576460673706,1.7060826167110639,-1.528133750101929,0.19734318069919798,0.026037056490281485
301,-576460673625,1.7127340092342602,-1.5348879137379383,0.18977019890379165,0.01779863117211969
302,-576460673551,1.7171002005920832,-1.5274703263466494,0.17943041506464177,0.025113727035480263
303,-576460673479,1.7173234980699028,-1.5417076669944314,0.16891035496981383,0.009328673095519843
304,-576460673407,1.711010053072035,-1.5320493312296037,0.15273735081504722,0.019964545065359312
305,-576460673335,1.7061339997405538,-1.5504428442335667,0.13922853200530594,9.781885634190003e-4
306,-576460673244,1.701356570737471,-1.5417246625298318,0.12380164852111764,0.011575379353324656
307,-576460673174,1.7007987560222768,-1.5524661062187661,0.11659631816350728,-5.5176582370194266e-5
308,-576460673104,1.6910177137252698,-1.5438201648650518,0.09940390289093777,0.0025636737073852353
309,-576460673022,1.691150047136558,-1.5517774733070788,0.09255157187317525,-0.004433417114676371
310,-576460672947,1.6869669193352308,-1.5458994261851888,0.08128955711269274,0.006980055063910419
311,-576460672876,1.6819742985822637,-1.5583561093848775,0.07241889794916051,-0.002990449459700905
312,-576460672805,1.669791001906634,-1.549822644585165,0.0568147172012369,0.0018494528980587746
313,-576460672723,1.6670256448939527,-1.557904371465077,0.05103364506361476,-0.012357917055951385
314,-576460672649,1.6553374389343738,-1.5506723831244817,0.03603258670275779,-0.00111525371500403
315,-576460672579,1.6567645063183443,-1.5518849750859953,0.03749296137457302,0.001997364242740043
316,-576460672419,1.6577479382277647,-1.55875388304274,0.0326533236244625,-0.03249866249834529
317,-576460672348,1.6396734031992741,-1.551725454519142,0.02250959897068035,-0.06281102864160398
318,-576460672277,1.636618274152953,-1.5625978899578152,0.010073533639172702,-0.09549313410331073
319,-576460672194,1.6228754543998054,-1.5624357433414016,-0.007525775100119464,-0.11000297529595801
320,-576460672120,1.6230029314655108,-1.5728164688498372,-0.010740181555127185,-0.14896932460045914
321,-576460672050,1.6119651102541057,-1.5782698916780855,-0.021837274673428567,-0.16016789681016358
322,-576460671970,1.6066035611710032,-1.5944392764242443,-0.02978725089059001,-0.18507197842840445
323,-576460671894,1.594087606326332,-1.6068082468932268,-0.04588102523799517,-0.2216594145292751
324,-576460671825,1.582969483053765,-1.6319976317395215,-0.06280214425307336,-0.2687628325992364
325,-576460671741,1.5790165530349853,-1.652919458218455,-0.05604054116794139,-0.30614408673310467
326,-576460671664,1.5707973454609299,-1.6857025208318732,-0.04685456124431139,-0.3450808986835498
327,-576460671594,1.5616736437138616,-1.7079951354280873,-0.047029558222021484,-0.3731560223193147
328,-576460671509,1.5509940118021173,-1.7447685512168098,-0.04123009759973547,-0.4058732227790172
329,-576460671433,1.5451882738675107,-1.7797296857108376,-0.031236880623894705,-0.43423518951197343
330,-576460671362,1.542576225182087,-1.811630687909401,-0.025733084694525996,-0.4410882119484906
331,-576460671291,1.5387498231488654,-1.8420305410857094,-0.025118661150591415,-0.45516914244533885
332,-576460671140,1.53285204569619,-1.9071556821411628,-0.04176574677484498,-0.4851464275305097
333,-576460671067,1.5429852666453725,-1.9281227164200534,-0.024957825019626262,-0.4568331682280929
334,-576460670991,1.537882628748263,-1.9657936895604586,-0.03760535846865352,-0.42512837251725527
335,-576460670922,1.5387335956017176,-1.9914167539150236,-0.02680096675547603,-0.4126940477035734
336,-576460670853,1.531122557332638,-2.0159596900096353,-0.025988802435583172,-0.3787368661517582
337,-576460670767,1.530544879916684,-2.0405495705136953,-0.024512647443089477,-0.34046426482875586
338,-576460670695,1.5308448903592515,-2.066892506948937,-0.04653006079040991,-0.33578229729921527
339,-576460670617,1.5348904161482848,-2.0865209257400203,-0.07360720079445045,-0.3263760246688275
340,-576460670548,1.530183233284862,-2.1107517526350628,-0.07674925388516646,-0.3419545280905238
341,-576460670480,1.5335288820495223,-2.1273007765307583,-0.05512276296988477,-0.35182906404150954
342,-576460670399,1.5348456968707722,-2.155551631673255,-0.07017476513077746,-0.37197351454746647
343,-576460670328,1.5337553980646557,-2.17831224166444,-0.05243781256578412,-0.37640772167674347
344,-576460670251,1.5385946789968463,-2.215994817670422,-0.0494092045932588,-0.3478632237043767
345,-576460670182,1.539140464427714,-2.2340062561024587,-0.07416506224623139,-0.31807616222084056
346,-576460670111,1.5427513706048954,-2.258722709504138,-0.02055251743454028,-0.2946073547021023
347,-576460670023,1.548789986592637,-2.276444178863738,-0.03709499942484777,-0.2998275247663456
348,-576460669952,1.5658286627042557,-2.309157763596525,-0.01363945300801626,-0.3389568906976929
349,-576460669882,1.5710717522391549,-2.3285383566915185,-0.005287499604814545,-0.3483611833549939
350,-576460669812,1.5809198244448606,-2.358229948838336,0.0018307689190974127,-0.3436334420082471
351,-576460669727,1.5833074027234506,-2.3802443523285506,3.308238370021996e-4,-0.3372038302466377
352,-576460669656,1.6020840268706986,-2.415075105839789,0.007764390751023807,-0.35994599651400394
353,-576460669578,1.5994203075286473,-2.4527243483607473,0.01013768937199588,-0.41127375341702527
354,-576460669506,1.6148046039181685,-2.4903248661830686,0.048389402535376644,-0.43751029109104955
355,-576460669433,1.617562402850466,-2.524201381281739,0.057606775035049296,-0.4522832397684684
356,-576460669362,1.6157971837348717,-2.55453927396773,0.015790745507741184,-0.47556737243670016
357,-576460669292,1.610811788300584,-2.593702643270213,-0.025994510157560217,-0.527922024365853
358,-576460669206,1.63379668386982,-2.6545047766761427,0.0034763427973340463,-0.5786444903962864
359,-576460669124,1.6262216585286822,-2.7029425641067326,0.008454609984450663,-0.5917447320445223
360,-576460669049,1.6454452705948048,-2.763824274128285,0.012545059820687595,-0.5922139834839427
361,-576460668977,1.6415808673552672,-2.8093335806072464,-5.199933210606324e-4,-0.5802730316834469
362,-576460668896,1.672533610365826,-2.865203797351253,0.0197195273657869,-0.6110405835622533
363,-576460668822,1.6765720595759899,-2.9189824115720664,0.053406433351277975,-0.6368852151141275
364,-576460668750,1.6574764965024869,-2.9526468183069365,0.04316406093868347,-0.6198871521856725
365,-576460668680,1.6595711389410153,-2.995896597172931,0.03354037903782742,-0.578984547747612
366,-576460668611,1.618990991634067,-3.01289616833946,-0.010923638571485202,-0.5047957291360903
367,-576460668530,1.6059053084606485,-3.0566979145245043,-0.02766759855761472,-0.4343197983209072
368,-576460668453,1.5680403366283546,-3.068483438535759,-0.05916711950325089,-0.2537212356842528
369,-576460668385,1.552425282529489,-3.092129805607891,-0.06386441064136435,-0.1700932581755392
370,-576460668315,1.5226220566194222,-3.087301377201517,-0.08713548053067442,-0.061133194298243335
371,-576460668234,1.5092633955684658,-3.093983573132919,-0.09157909729597047,0.00455200803828222
372,-576460668159,1.4568096654066838,-3.069400074917797,-0.1266835376968795,0.016829324167933545
373,-576460668089,1.4286916201625512,-3.0803693092869486,-0.15436722646080642,0.04382537343681556
374,-576460668010,1.3955394605890739,-3.0631361525889114,-0.1681431164714485,0.10660006648673076
375,-576460667939,1.3687963993750012,-3.0645534498480536,-0.18462008162341925,0.10514566688841195
376,-576460667867,1.3296585679362685,-3.0428436531495957,-0.20156028453996547,0.10203989506185046
377,-576460667795,1.304403265990119,-3.0439689893765496,-0.19776750408197458,0.07188176326108049
378,-576460667714,1.2914229224074052,-3.0398902622454087,-0.2089362347990202,0.07265147649708117
379,-576460667639,1.2564484641743423,-3.044076843590197,-0.20107492935409563,0.08022515624417492
380,-576460667572,1.2453713771629078,-3.0394778720903,-0.1975628348043196,0.09315897821589345
381,-576460667490,1.220895950097534,-3.0392541145307694,-0.20994936440379683,0.07591839992198923
382,-576460667418,1.2129274240996137,-3.0391376237838115,-0.20734476976717278,0.05142417001183872
383,-576460667340,1.1885215330840329,-3.0378241941385546,-0.22493387799647602,0.055212130051928564
384,-576460667273,1.1812046965037701,-3.038060113803724,-0.21166791327337414,0.07671580454190223
385,-576460667190,1.1672826612725853,-3.0317553492285767,-0.22247744933837446,0.08290693771420003
386,-576460667114,1.1747499438952718,-3.0424525445642927,-0.2121159500531205,0.05079270323613773
387,-576460667044,1.1588385878270346,-3.0405414708934604,-0.20666441674670472,0.02870712739126446
388,-576460666972,1.2797133604203395,-3.1246303434250438,-0.1334466228340615,-0.06501319021762432
389,-576460666902,1.2781544145841246,-3.1240745750312913,-0.12730356613271587,-0.060070708938885636
390,-576460666828,1.4155865442625442,-3.211393914047426,-0.04111417773953423,-0.14510657296156923
391,-576460666759,1.4253451268882835,-3.2119190992052453,-0.036682524395427026,-0.13743049480403777
392,-576460666688,1.5356750343270265,-3.279622284359032,0.036442952587919034,-0.2127896827653864
393,-576460666602,1.561571751259652,-3.2759014766745804,0.043975968927939854,-0.197236903821198
394,-576460666526,1.6480940267789688,-3.3324632902291462,0.09752367925203004,-0.24761440658076767
395,-576460666455,1.6838710611444736,-3.323721985742428,0.11101822495312438,-0.2146636486152194
396,-576460666384,1.6263154750177775,-3.3116631833093955,0.06234708464339763,-0.1880411612264879
397,-576460666311,1.6553631432371787,-3.305249538855791,0.07903151774264586,-0.17168314152855196
398,-576460666239,1.7283009901055264,-3.3468031629003634,0.11634542340592591,-0.20915100142855775
399,-576460666155,1.7669427795574646,-3.335524779298915,0.13205381357948165,-0.18884976750227178
400,-576460666077,1.816498831850692,-3.3678253741865887,0.14991110047246556,-0.20788247131753923
401,-576460666005,1.8604397197309162,-3.3519134476879078,0.1654779786251756,-0.1775527627843767
402,-576460665935,1.897426710216593,-3.373795965763155,0.18342690719787136,-0.1961265423254049
403,-576460665855,1.9450631312874886,-3.354059161901126,0.19797849964409286,-0.16246251661734465
404,-576460665777,1.9484124252377188,-3.3638940261950516,0.186512567069585,-0.16043029297899364
405,-576460665707,1.9859588816873095,-3.3516989721209494,0.19908141992787023,-0.1391379370577681
406,-576460665638,1.8956916905778807,-3.328477045156457,0.12460245954816619,-0.10372477668393493
407,-576460665555,1.9314571143187205,-3.3122347188505556,0.13246605439646147,-0.08813475754401684
408,-576460665485,1.8539905177184453,-3.2897054906446974,0.07350241069030193,-0.05062460302406203
409,-576460665410,1.8755750926414714,-3.281480959389307,0.07828611000968433,-0.04216136514028735
410,-576460665342,1.8271002334984934,-3.2654283961266684,0.041687475777277494,-0.0194922607076867
411,-576460665256,1.8419450405869833,-3.2580394158742148,0.04328797876199318,-0.019638322827232203
412,-576460665185,1.8432436822026823,-3.258886036091668,0.04845494463419332,-0.021733929504057257
413,-576460665113,1.8600019807864865,-3.250341657677017,0.08477407891117458,-0.01572234725512213
414,-576460665041,1.8380035054203068,-3.241344123078127,0.10981809613901558,-0.009687660401138718
415,-576460664952,1.8571080759419953,-3.2370470686971298,0.16110246024534794,-0.023673351955124856
416,-576460664883,1.961352170844071,-3.270950262248518,0.2543300285712368,-0.06810835356806486
417,-576460664811,1.9887617180516035,-3.267578390678153,0.29898134504456175,-0.03712211349706014
418,-576460664741,1.904896283350548,-3.2384133506831514,0.2684446712642813,0.0015370162414064942
419,-576460664655,1.9302575122391357,-3.2381846551506626,0.30553227121922477,-0.00640489010580073
420,-576460664583,1.965791815559126,-3.2433942282253425,0.3309327921594749,-0.029927475192078896
421,-576460664511,1.9917120860585897,-3.2445017111723278,0.340188507048501,-0.029943302193600196
422,-576460664441,1.972614863566163,-3.2334072517868253,0.3137757772142473,-0.010461043557095023
423,-576460664358,2.0029574740148104,-3.226759583245375,0.3174348465774726,0.0039021223612815494
424,-576460664286,1.958508735731891,-3.2070477532222497,0.3238382041690589,1.5840959733441282e-4
425,-576460664208,1.983269967173942,-3.2130987193832348,0.33408494100068215,-0.01573422082948262
426,-576460664137,1.928447802683781,-3.1899354021326483,0.3355914052120849,0.010490622762853202
427,-576460664056,1.9360772807476871,-3.203620994297412,0.3261011214456757,-0.02711223242916317
428,-576460663979,1.8798335284772847,-3.1809926325319657,0.23901406666504815,-0.039958994203462564
429,-576460663906,1.8637795967538153,-3.2115985282520763,0.18496553950271544,-0.07799779196762874
430,-576460663834,1.7957843835317002,-3.1882302208497895,0.11365739216273335,-0.03836720091475688
431,-576460663763,1.7714814115292838,-3.2163713246677177,0.09461979891527177,-0.05482947371259986
432,-576460663683,1.7129672352524121,-3.1941701522877968,0.039169059735262295,-0.016900196023768764
433,-576460663606,1.6755112074422651,-3.2256260020070715,-0.010069858147910643,-0.04107852605273384
434,-576460663537,1.6133553681911712,-3.2017850974013,-0.08839255614812964,-0.008335939603916369
435,-576460663455,1.5655312021570258,-3.230955391308531,-0.12680547268645803,-0.0254624499414733
436,-576460663384,1.5058162798296018,-3.2085084910190202,-0.19386377050367024,0.0022196085029926246
437,-576460663306,1.4598607881152614,-3.226714282316216,-0.25245649524731717,-0.02758519443684372
438,-576460663235,1.3979027354088207,-3.2053798970745433,-0.31623960292427733,0.005121214376623617
439,-576460663152,1.35028358391763,-3.21937023896571,-0.36460170666345487,0.0033392548293436613
440,-576460663074,1.2844484624496357,-3.1997679770374754,-0.42120435776596676,0.03356732789513039
441,-576460663004,1.237941236671754,-3.2069921444954925,-0.4494807056087127,0.019852016565253303
442,-576460662935,1.194581494333966,-3.1981263460945946,-0.4689381839541481,0.01771273261913834
443,-576460662850,1.1453501772419168,-3.201523031341756,-0.4836987283934931,0.009802769517832585
444,-576460662769,1.1048416970535928,-3.196167077768561,-0.4984363174502045,0.01780469390156629
445,-576460662694,1.0531354202588346,-3.1988967892932467,-0.5088723890336656,0.012065636600514972
446,-576460662621,1.0096816938067994,-3.1933390134690685,-0.5110706938474684,0.018122531138415048
447,-576460662540,0.972287855122001,-3.193220577441348,-0.5155786932488892,0.011609607634111134
448,-576460662464,0.9202845131896762,-3.1876216310676897,-0.5330361215812573,0.0168652488228825
449,-576460662393,0.888065294371244,-3.1838099142372784,-0.5347414438751003,0.016836787835121752
450,-576460662322,0.855867663471755,-3.187322677978002,-0.5207810329008181,-8.535317914833357e-4
451,-576460662251,0.8288788431111503,-3.1818492426685077,-0.5431398694980686,0.04128046330546292
452,-576460662170,0.8040493747185623,-3.1883740933849705,-0.5411245444708952,0.053926924406802926
453,-576460662094,0.7782482581655634,-3.174398066624439,-0.5272293381166918,0.05863305176403076
454,-576460662022,0.7581972627842302,-3.185250496395909,-0.5236191948485327,0.037496488777574624
455,-576460661950,0.7394623951442094,-3.174748332495848,-0.509938019980163,0.0474450395922
456,-576460661882,0.7228149310677152,-3.186587739422224,-0.5030900447777362,0.027668612328467547
457,-576460661800,0.7030053151150404,-3.179007937294192,-0.4952289155588372,0.024272998073073798
458,-576460661727,0.6867860988786524,-3.1934472830272784,-0.4864340904354605,0.007865930597761174
459,-576460661652,0.6858890031979021,-3.176296048518434,-0.461279220100816,0.019151738868840192
460,-576460661569,0.6715429780586692,-3.1901923222800024,-0.4528173942505942,-0.002568440337548968
461,-576460661498,0.6774819663831122,-3.1753674009350585,-0.42923572331106363,0.014518669775010882
462,-576460661423,0.6557572078330894,-3.187829382772129,-0.42693725562335577,-0.011865419550697788
463,-576460661342,0.6539584704131326,-3.1777031148896624,-0.4139695018884366,0.0035035889984457343
464,-576460661248,0.6277420349997092,-3.193031110169286,-0.40477847287202406,-0.02235825681932204
465,-576460661179,0.6474435164431946,-3.176345264643094,-0.37729279041334646,-0.0025978014379320763
466,-576460661096,0.6421329754928313,-3.1938863065471343,-0.3660256695717141,-0.021796434684543238
467,-576460661024,0.6390191753995967,-3.1851084445688227,-0.3505625824811388,-0.01879092508015344
468,-576460660954,0.6378613082324105,-3.205745790591634,-0.33642913378982386,-0.03533973265130676
469,-576460660886,0.652990531288505,-3.1937139481265477,-0.3134637716504052,-0.022621878443908592
470,-576460660802,0.6478515612098356,-3.209713866080651,-0.3077139632218949,-0.040884555552789366
471,-576460660723,0.6539553793245901,-3.2006283296275377,-0.28395321896103337,-0.03722210547088464
472,-576460660653,0.6502816878681139,-3.2177174115074174,-0.2833284991428526,-0.06792353486715895
473,-576460660580,0.6702475099066245,-3.2066546394328372,-0.2606284728634278,-0.04907046269301234
474,-576460660509,0.6485751425499119,-3.207965014479967,-0.2649199865520551,-0.055310363446495314
475,-576460660428,0.6521031160464996,-3.203552210588637,-0.2542994214807563,-0.0500484805122036
476,-576460660350,0.6340485680170533,-3.212132641063052,-0.2521771947243435,-0.055112881864192095
477,-576460660284,0.6694448757605753,-3.196731363832235,-0.22193345989855057,-0.03513860115892807
478,-576460660206,0.6686540460401337,-3.215733666524628,-0.21151082129751783,-0.05993980831963224
479,-576460660133,0.6926794689353553,-3.204621906495406,-0.1887456442663822,-0.04534171528250091
480,-576460660061,0.6898553955168035,-3.216474010325597,-0.18722511153169036,-0.05565332726848696
481,-576460659991,0.7027238022305912,-3.210122119119932,-0.16841031272589202,-0.0470305959578093
482,-576460659910,0.6987755852881062,-3.2197339519960604,-0.1677894614727009,-0.06054151756000516
483,-576460659840,0.7199510816993491,-3.211005002659733,-0.14693814370396413,-0.05253654564879788
484,-576460659763,0.7158158230469166,-3.222813031716173,-0.145066337523404,-0.0629002537297567
485,-576460659696,0.7360720791092442,-3.214713158944881,-0.1269348459816859,-0.05133905190935229
486,-576460659610,0.7268475389534427,-3.2207279688222616,-0.1291724579816567,-0.05917169634628411
487,-576460659537,0.7422705406266686,-3.214757813409448,-0.11586102403220402,-0.051414577710539144
488,-576460659467,0.7422850828605264,-3.2248794308200655,-0.1122373910340128,-0.06092192219492646
489,-576460659395,0.7628006666548387,-3.217251595250432,-0.09682586518320696,-0.049137712732156696
490,-576460659324,0.7580791827020156,-3.2225783187526704,-0.09685469234981464,-0.05667886212672902
491,-576460659244,0.7720337691778543,-3.217834731290344,-0.08647985564498768,-0.05078493482744357
492,-576460659169,0.7716041517104454,-3.227796905960033,-0.08358438097033451,-0.06044684442776397
493,-576460659100,0.7875987851926521,-3.2227014626888084,-0.06982329056559987,-0.05321577943570675
494,-576460659016,0.7876831907559573,-3.2305731174951595,-0.07004776402309405,-0.06154177135172767
495,-576460658943,0.8030374012264797,-3.226258770211186,-0.05817717849856954,-0.05624156399013697
496,-576460658866,0.8022176957079454,-3.2349347593840294,-0.05874076310926026,-0.06495572563083232
497,-576460658794,0.819270141046218,-3.2302207604333093,-0.046281471219416066,-0.058077882091809925
498,-576460658720,0.816354452679047,-3.2350472774432992,-0.04921175292644147,-0.06345667814140597
499,-576460658652,0.8310450830301506,-3.2314876150599883,-0.03929988765781151,-0.05840228390306686
500,-576460658583,0.8313839054460739,-3.2378924851223774,-0.03926607598840963,-0.0652181149047816
501,-576460658420,0.8276936773466737,-3.2519251242294005,-0.04294648675573989,-0.07745562919458239
502,-576460658348,0.856611892853049,-3.24329451884084,-0.026375258770477243,-0.06515823237848059
503,-576460658277,0.8445313741081251,-3.2403786932781053,-0.034206304384521366,-0.061370391421566944
504,-576460658194,0.8652147375575043,-3.2346167389171687,-0.02120768145408966,-0.05375620284273383
505,-576460658118,0.8519882850889806,-3.2313828297408738,-0.03088940622167767,-0.05141102507291063
506,-576460658048,0.8743913588408389,-3.2241839290446226,-0.017654562806726816,-0.042581203107632144
507,-576460657975,0.8640768978476959,-3.221081396830514,-0.025244993532337525,-0.03987883587756687
508,-576460657905,0.8774771179907523,-3.217243322245132,-0.016491899857720635,-0.035947787514409565
509,-576460657815,0.8788498772874845,-3.2227468916214543,-0.018921765523953662,-0.041851860812049155
510,-576460657746,0.8925049002822112,-3.219048167274126,-0.011037564779930637,-0.040251468862253614
511,-576460657675,0.8980948471947595,-3.2264445438245857,-0.008985265869110602,-0.04795438859429495
512,-576460657603,0.8977978201343297,-3.2298018596966878,-0.011028206863781285,-0.05102220305603991
513,-576460657519,0.8885928099968852,-3.2278741442962184,-0.017024689412056457,-0.04898453139403485
514,-576460657448,0.9033111411545154,-3.2240999599207942,-0.010047244048564647,-0.044180075117528535
515,-576460657370,0.8947791529657361,-3.223168384198879,-0.016625596663263312,-0.04391569302624761
516,-576460657299,0.9012015025291095,-3.222810084010245,-0.014613803519863522,-0.0428109657793991
517,-576460657230,0.8911208176330937,-3.2196914051955074,-0.02170551776483139,-0.04068228231697547
518,-576460657141,0.8991289400369956,-3.218785953179457,-0.018973178150613817,-0.04028614652076632
519,-576460657071,0.8932363852504263,-3.2187537767187924,-0.024305693980137127,-0.041025586257901245
520,-576460657000,0.8969106901006291,-3.219244251384317,-0.021875897415181696,-0.04381402194411662
521,-576460656920,0.8932316449419798,-3.2209721764257777,-0.026246288166421865,-0.04494289703586985
522,-576460656844,0.8958944842345795,-3.2227293162626585,-0.024370565210487475,-0.0463218080573969
523,-576460656772,0.8900220613221929,-3.223320028927477,-0.029217211851655725,-0.04704673698275564
524,-576460656691,0.8936158181016227,-3.2239997299591683,-0.027358846025520415,-0.04777738479157949
525,-576460656617,0.8890296963549834,-3.2269081519415437,-0.03195415952617951,-0.05143403498509308
526,-576460656548,0.896103450804452,-3.226246679290517,-0.02772301875980592,-0.050781479335555116
527,-576460656465,0.8926394458265159,-3.2289269377914325,-0.03013186697378043,-0.0539372038243742
528,-576460656309,0.887677085833913,-3.238609588296919,-0.03570774806665361,-0.06598816298975738
529,-576460656239,0.8973657112755689,-3.2376688836725274,-0.030887525927953664,-0.06338203446594189
530,-576460656164,0.8933269882276239,-3.2424812572821766,-0.0348130132341201,-0.06701969341708741
531,-576460656091,0.9045060149229677,-3.241167064373131,-0.0283301660936812,-0.0645901149095466
532,-576460656022,0.8923336654081844,-3.238485584699783,-0.036055536257721725,-0.06169582787527216
533,-576460655941,0.8975674791466033,-3.239329278686731,-0.03320868048448631,-0.062167897176033896
534,-576460655868,0.8959255240762928,-3.2445627610146666,-0.035168100848475145,-0.06690675314512644
535,-576460655799,0.9048656034304164,-3.24425526747452,-0.02932220688738021,-0.06560861035070116
536,-576460655722,0.8953939337565874,-3.245549257853044,-0.035701318121075055,-0.06627096711455263
537,-576460655651,0.8964705321754888,-3.2487807628412164,-0.03423139544188458,-0.06851268043230897
538,-576460655578,0.8856311448996325,-3.2481231357822873,-0.041547782744411926,-0.0669279971681376
539,-576460655506,0.8972261253606055,-3.246472265317949,-0.03452399236289492,-0.06461582537414161
540,-576460655422,0.8789369131457508,-3.2404306068749826,-0.04467266820452577,-0.05780996692164378
541,-576460655353,0.8939572355609527,-3.2364063879132168,-0.03626573634049378,-0.05293722174518716
542,-576460655278,0.8890242566023676,-3.240053088071288,-0.039753286273797164,-0.05637118045185915
543,-576460655208,0.8939956844615189,-3.2405264191678262,-0.03711477956109416,-0.05654625992734248
544,-576460655111,0.884265309887153,-3.2397003239246964,-0.04326007834151826,-0.05586916056990454
545,-576460655050,0.8954727737214757,-3.2377787600171577,-0.036505721059153534,-0.052788633468803345
546,-576460654980,0.887395613253395,-3.237910199707045,-0.042356962669230766,-0.05239684502397493
547,-576460654909,0.9005678212715019,-3.234185463167044,-0.033691280625071277,-0.047112545619473395
548,-576460654826,0.8911156272327885,-3.232793549067488,-0.03982633503846277,-0.04650109635899866
549,-576460654757,0.8974826306090955,-3.231875716946979,-0.035867097528807526,-0.045588731817343284
550,-576460654678,0.8935147095392332,-3.235690854368048,-0.0389209622352448,-0.050017236386715486
551,-576460654609,0.9055882661559972,-3.232394064211636,-0.031233196816183303,-0.04614480111769295
552,-576460654529,0.889625465262602,-3.2261900813413047,-0.04117207688446233,-0.04031946492363326
553,-576460654457,0.8942550560251302,-3.225655610613146,-0.03843994418881559,-0.039413911532978754
554,-576460654381,0.8931420751389487,-3.2309064855655674,-0.039641832332680746,-0.04538399931011827
555,-576460654308,0.888666442273055,-3.23506402168615,-0.042836722457581695,-0.05074502899896933
556,-576460654233,0.8766338681651408,-3.2327414293502312,-0.050578721951168595,-0.04931449704488012
557,-576460654166,0.8891740548838392,-3.2288545370616104,-0.0427186142412811,-0.0449705267242545
558,-576460654096,0.8811336889762144,-3.2287448814440767,-0.04753698357665934,-0.04555740250932727
559,-576460654010,0.8857176117027645,-3.2284900014796047,-0.04467856851470144,-0.04616114993334158
560,-576460653935,0.8791555042233188,-3.2309346254356988,-0.048695915041212054,-0.05028925397322941
561,-576460653864,0.8872428346387862,-3.229280829410831,-0.04247502515671628,-0.04817058366681006
562,-576460653791,0.8848119476283707,-3.2333738008784656,-0.04396400311123905,-0.05249106030189796
563,-576460653720,0.8930995347232757,-3.2319246054023725,-0.03834721692867799,-0.05034972533583302
564,-576460653647,0.8876335737269336,-3.2338725921090545,-0.04289934005644298,-0.05240890515171856
565,-576460653576,0.8994818941333715,-3.2307669477229366,-0.03546407886237642,-0.0482764225314264
566,-576460653504,0.8850428823606425,-3.226182637302593,-0.0441668474311535,-0.04391857406605049
567,-576460653419,0.8887611613018325,-3.2262666128216546,-0.041522305653691235,-0.04443993316836066
568,-576460653348,0.8780140098561382,-3.224255777390125,-0.04793751505450244,-0.043548620505106765
569,-576460653270,0.8825758646522441,-3.224202441023607,-0.04535028526892842,-0.04438148611245626
570,-576460653200,0.8724480624896819,-3.222600091929943,-0.05076575707491479,-0.04432209755662585
571,-576460653119,0.872577618110083,-3.224102523610354,-0.05116315640760779,-0.04706221413010317
572,-576460653048,0.8626077516884152,-3.223164435203961,-0.05759878226070251,-0.04713798025609183
573,-576460652973,0.8693927388378622,-3.221961374749739,-0.051876541818816686,-0.04549806008474598
574,-576460652904,0.8670431378889416,-3.2260829735915832,-0.05344803723747181,-0.05071391735432657
575,-576460652821,0.8722890465532827,-3.225647204365423,-0.04930333677614744,-0.05017080268645988
576,-576460652745,0.8642530157516184,-3.227814102816911,-0.053981444950916654,-0.053109874077166594
577,-576460652674,0.8755333074972323,-3.2247130901305376,-0.04515951440606282,-0.049254075487194855
578,-576460652602,0.8620263512587526,-3.2212069440056617,-0.05334658571998345,-0.04615853116342151
579,-576460652532,0.8679049241012342,-3.2201814135066313,-0.04897188831266676,-0.04607931765285911
580,-576460652460,0.8614705146936396,-3.221631525675102,-0.052366992017942336,-0.0479648191910339
581,-576460652300,0.8442171664644548,-3.222878135622398,-0.06146257881726881,-0.04955249272659994
582,-576460652229,0.8516076276791534,-3.2212735710849087,-0.05633424035466391,-0.04794316585656952
583,-576460652148,0.8488061425773915,-3.225595654415084,-0.05714054472627066,-0.0526022120026065
584,-576460652073,0.8542094170574802,-3.225723175718302,-0.05257527936085211,-0.05262414517121189
585,-576460652002,0.8469088520067339,-3.2270943794011244,-0.05678598004408248,-0.05448486311269812
586,-576460651929,0.8544307825768501,-3.2260335144514722,-0.051721162029307766,-0.05298909442966954
587,-576460651856,0.8481968282945096,-3.228224014789959,-0.05486420616687519,-0.05535484635005652
588,-576460651774,0.8638981827097276,-3.223629950829741,-0.044462716181033486,-0.04970122047590327
589,-576460651701,0.8526863364924168,-3.2230482381584165,-0.051077963427778095,-0.048628685840610135
590,-576460651631,0.8676579204008764,-3.2182998808846888,-0.04150816430629496,-0.042654893038378626
591,-576460651552,0.8646680285185762,-3.2213398215124065,-0.043188706373032626,-0.046836166885900664
592,-576460651476,0.8721468264749122,-3.220446360040926,-0.038953517577251094,-0.04546373069021016
593,-576460651405,0.8637428069073158,-3.2198746129411457,-0.04441469590491888,-0.04484675995699673
594,-576460651334,0.8736625602774272,-3.2172790406897045,-0.038315506943292874,-0.041794528124654895
595,-576460651264,0.8742690304870587,-3.222563945727471,-0.03839422787282983,-0.04718760967666303
596,-576460651179,0.8900495247157229,-3.2179984970121116,-0.02926276424312828,-0.04186387745005602
597,-576460651107,0.8865420011775448,-3.2201894421451374,-0.032213178608599326,-0.04510010907130262
598,-576460651034,0.891975157992069,-3.2199449289752233,-0.029100225164877248,-0.045107193077111904
599,-576460650964,0.8820358031147661,-3.217911087585216,-0.03574607516789614,-0.04346357694871356
600,-576460650879,0.8896287349030176,-3.2164444964202357,-0.031108752938651757,-0.041866708855204986
601,-576460650807,0.8840701594450391,-3.217373823821381,-0.03532977059472813,-0.04355464358741619
602,-576460650728,0.8936125604761742,-3.2154821076196844,-0.029281319108000983,-0.04157252277014601
603,-576460650658,0.884685473193563,-3.2138612384898737,-0.03528596309217646,-0.04058306135980505
604,-576460650587,0.8923023756243125,-3.2120625028225676,-0.030637876219778055,-0.03865925623057932
605,-576460650499,0.8847056140303643,-3.212309046580787,-0.03607655508026454,-0.04014316074027605
606,-576460650431,0.8881655948875333,-3.2123717851512903,-0.034193625809448534,-0.04041907450256538
607,-576460650362,0.8847847943654185,-3.2146190613407213,-0.03680012510682499,-0.04335937960891797
608,-576460650279,0.8912462354066238,-3.213554124258321,-0.03273962443892999,-0.04218675000049613
609,-576460650206,0.8861855508698135,-3.214931862047732,-0.03650466773356211,-0.04415205525604746
610,-576460650130,0.8961219042289144,-3.212745108406009,-0.030609218821356404,-0.04160852435766704
611,-576460650060,0.8912070257304261,-3.2138786246525886,-0.03418633841429489,-0.042954933295523565
612,-576460649988,0.8956448272587763,-3.213812477005687,-0.032088403677412725,-0.04279115988477468
613,-576460649920,0.8962125058189618,-3.218787584071135,-0.03276930729195887,-0.04785941873740753
614,-576460649849,0.8964320514436959,-3.2211094948712224,-0.033182229538886415,-0.0501195213145371
615,-576460649767,0.8915380508211487,-3.2230248124950798,-0.03656043888053858,-0.052310910731294694
616,-576460649692,0.894126868807191,-3.224985924081758,-0.03524833310434329,-0.05389977184095199
617,-576460649620,0.8778812785024748,-3.219372754188885,-0.04543904789798271,-0.0473221266726441
618,-576460649548,0.8781951772324292,-3.22121139943435,-0.0451234016266475,-0.04934516103765468
619,-576460649466,0.8734771637261491,-3.2238375791624376,-0.04835514887314303,-0.05211558620215834
620,-576460649395,0.8853493861974132,-3.220540867591453,-0.04034034842459863,-0.04764951963049038
621,-576460649320,0.8799606525046506,-3.2235053117648738,-0.04350808434263596,-0.04990625505868145
622,-576460649251,0.8850632696361805,-3.223272548349865,-0.040055399400025005,-0.048640262534111495
623,-576460649166,0.881020668096417,-3.2259804841070285,-0.04262861007180022,-0.051629114171898374
