1,-576459790080,0.8977258688488481,3.1550355761204076,0.0,0.0
2,-576459790010,0.9001562184856926,3.1638973802888253,0.002680757124436746,0.01882303787862726
3,-576459789936,0.8959952073488174,3.173736395175908,-0.01398155667365441,0.04396223184568375
4,-576459789771,0.88674385110534,3.1936437476274837,-0.03735553386302164,0.06921482702943083
5,-576459789703,0.8931740473047248,3.2188408838701186,-0.019817190153067613,0.11350677023443533
6,-576459789623,0.8848460987504937,3.2371307639407223,-0.03629718854492199,0.12918966233102266
7,-576459789543,0.8818779858003235,3.248277600943128,-0.040032832293530336,0.12511052802268213
8,-576459789473,0.8743297186650124,3.261192623973067,-0.05056743917699066,0.12800549518347076
9,-576459789397,0.872569814115816,3.273476454955281,-0.05127756124416988,0.12699099691087534
10,-576459789316,0.8693186979237595,3.2824444674344515,-0.053713680067247346,0.12142460951040236
11,-576459789250,0.8683093115813529,3.2933673147386937,-0.05296132504919465,0.12052475489286629
12,-576459789171,0.8775068630123211,3.295366331449657,-0.04106251546393216,0.10707603607998736
13,-576459789101,0.8721001530643783,3.3009765438848726,-0.046560362430442745,0.10054002275266487
14,-576459789025,0.86777006411765,3.308763995573239,-0.05013229001334643,0.09643659106983278
15,-576459788957,0.8586833195278454,3.311490927818337,-0.05818334846352834,0.08816815704935091
16,-576459788869,0.8801034047118833,3.3081987673830358,-0.03950876106729546,0.07172152167758991
17,-576459788795,0.8660036918424994,3.3069769834352494,-0.051443244312608376,0.0602859671491564
18,-576459788717,0.876451236839735,3.3060905302001333,-0.0435205033295982,0.05033005907790576
19,-576459788647,0.8732945440718777,3.3094419645057394,-0.046367499917024074,0.04546175649605445
20,-576459788570,0.8927311192877186,3.304523254599417,-0.03300836318826517,0.03173347285197373
21,-576459788489,0.8835972392956636,3.3031651062026177,-0.04074775554908603,0.024172150962807816
22,-576459788424,0.9021508212546246,3.297205879051211,-0.029657352579601726,0.013222724489230758
23,-576459788339,0.8907611023720804,3.2933005312073633,-0.03872790695270974,0.003930012701087092
24,-576459788259,0.8983349826867871,3.2896875676143984,-0.03531605008561481,-0.004404495399608927
25,-576459788194,0.8972338027423868,3.2900515640370385,-0.03745553125567557,-0.007860891597577458
26,-576459788115,0.902378565780467,3.286318785550127,-0.03552277950213219,-0.015715987298677715
27,-576459788040,0.8925529464845772,3.2810500080729157,-0.04275282629135253,-0.02329264660756187
28,-576459787959,0.894839208725025,3.276966885521774,-0.042520491873518265,-0.030050720663569133
29,-576459787881,0.894437592452898,3.27619348478758,-0.04385334408296723,-0.03303167082429931
30,-576459787805,0.897496578900772,3.2710621980505366,-0.043774451156896974,-0.03915591058981157
31,-576459787732,0.8984486010354538,3.2705156418002486,-0.04504669886100291,-0.041475065570713815
32,-576459787664,0.8995429603022123,3.2658990965421246,-0.04584382695850182,-0.046976983668601244
33,-576459787578,0.9048074133888876,3.2671809084762398,-0.04426850132279769,-0.049012705148650755
34,-576459787510,0.897911136185891,3.2652127896077854,-0.048875021411813,-0.05140952575613591
35,-576459787434,0.9008926085479164,3.2653115346850474,-0.04926017786673664,-0.052645638398277995
36,-576459787358,0.9030650707040537,3.2586894691421726,-0.04933737353083653,-0.05948249905747278
37,-576459787290,0.9141625967819154,3.2635251529178984,-0.04498575081847784,-0.056247820205129
38,-576459787213,0.9086175630222019,3.2598615217254627,-0.04903823358456439,-0.060342994998797056
39,-576459787145,0.9133417508962969,3.2607279761889987,-0.047907305051369184,-0.06070527990383204
40,-576459787076,0.904041475822791,3.2589255892916618,-0.05368218539586144,-0.06274036442854605
41,-576459786978,0.9035820243792562,3.255857107262893,-0.05481491332459678,-0.0664184674250133
42,-576459786921,0.8977634854327249,3.2529074408900285,-0.05842502007611227,-0.0692805105361329
43,-576459786847,0.902225086120675,3.2534509830712826,-0.0571479986973675,-0.06847084179747966
44,-576459786766,0.8957843014877124,3.24889733712254,-0.06142617048075617,-0.0720862578549429
45,-576459786694,0.9018858705285193,3.2505997547586345,-0.05933860073424321,-0.07059405773437605
46,-576459786614,0.8902080475755885,3.2482186572486724,-0.06590731914646532,-0.07139134337038917
47,-576459786541,0.8952561372880383,3.249646675420248,-0.06433318112788379,-0.07040167163910302
48,-576459786459,0.8891533305049728,3.244422197664842,-0.06800370603975218,-0.07518052336378471
49,-576459786394,0.8981634764861505,3.248692480484012,-0.06359361579735798,-0.07130194570200668
50,-576459786318,0.8863563134879711,3.246308587884775,-0.0696674473335989,-0.07280770102099135
51,-576459786238,0.8973792288410946,3.2521973293537276,-0.0648657269543341,-0.06759214813843964
52,-576459786164,0.8917251254120699,3.247064294642854,-0.06789997673365698,-0.07233821036125312
53,-576459786096,0.9002544537685252,3.251490360210371,-0.06415037896446954,-0.06842846808219516
54,-576459786019,0.8935701293196996,3.245910831532565,-0.0686908884523383,-0.0739064079022653
55,-576459785943,0.9004651124266978,3.2488418542402644,-0.06636136509799312,-0.07065060315431627
56,-576459785864,0.8957108370576942,3.242830093554809,-0.06894398832908688,-0.07560701216285459
57,-576459785791,0.9052980552067839,3.247639071724061,-0.06454044315802489,-0.07112808382378492
58,-576459785706,0.8939831963663626,3.2439729481081905,-0.07099850125878548,-0.07385687128605169
59,-576459785626,0.8933332866967422,3.241678306651474,-0.07134132134473146,-0.07499143450772716
60,-576459785470,0.8953564595948874,3.2402702571204673,-0.06973880951129471,-0.07385177425237027
61,-576459785401,0.8832824141242721,3.2385656375578433,-0.0765061937258287,-0.07469770357352368
62,-576459785324,0.892736090406589,3.2447073299374805,-0.07184205341222394,-0.06938903680250888
63,-576459785256,0.8871567028760623,3.240119251807411,-0.07505662068707486,-0.07281888706945042
64,-576459785166,0.8950574435596997,3.2446496079166014,-0.07171995787686408,-0.0683590996837017
65,-576459785095,0.887346127548658,3.2402420703772976,-0.07606172980930395,-0.07154771500679094
66,-576459785025,0.8924767302597414,3.2428519538157974,-0.07329773527726115,-0.06943319798353212
67,-576459784946,0.8867984729814743,3.2371854910771125,-0.07654659934157118,-0.07468030731000404
68,-576459784867,0.8903327041889809,3.23820667865738,-0.0754383786600543,-0.0731209948710918
69,-576459784803,0.8776255681106682,3.2365755941954997,-0.08190175690187065,-0.07421615137041057
70,-576459784714,0.8905100299847317,3.2445309249726004,-0.07462165083370731,-0.06624914771225449
71,-576459784641,0.8854005530896176,3.238889455403093,-0.07704205405326803,-0.07040474640598732
72,-576459784573,0.8930434696233064,3.2431603212729563,-0.07319271377977432,-0.06634775921432971
73,-576459784494,0.8852473826682619,3.2388250928331264,-0.07729140604750487,-0.06934513763217803
74,-576459784418,0.8885066287161655,3.239955201832175,-0.07583418080563645,-0.06737342325515805
75,-576459784342,0.8769698292773656,3.2372558223264893,-0.08226110198379377,-0.06814547218570577
76,-576459784265,0.8864769659252412,3.243215665070317,-0.07702302975025266,-0.06301649771514724
77,-576459784185,0.8857991875583392,3.235722189448787,-0.07756403475299604,-0.06875853206381606
78,-576459784114,0.8910212158822052,3.238322879529536,-0.07500689502770062,-0.06597200623842737
79,-576459784041,0.8823670196724733,3.2343989276352216,-0.07965623763884189,-0.06982075938250498
80,-576459783965,0.8875455274617662,3.237004439786412,-0.07727282634526297,-0.06625183303875634
81,-576459783896,0.8674309285969147,3.239069289142857,-0.08785473030321539,-0.0634923394646753
82,-576459783811,0.8670280722532451,3.2386838621556877,-0.08808670084380979,-0.06388513995268134
83,-576459783727,0.8570167463319696,3.234368285031909,-0.09342319877183658,-0.06793179166581804
84,-576459783658,0.8685082919791867,3.2426136131226855,-0.08698558561988821,-0.06041277436942168
85,-576459783581,0.8554660333190819,3.2406295266597165,-0.09358761882237308,-0.06176989865542728
86,-576459783500,0.8701006059598856,3.2516565797361254,-0.08616245056699144,-0.05282681428446015
87,-576459783435,0.8663920105386964,3.2468027499424914,-0.08781364737106669,-0.05730606471670134
88,-576459783358,0.8698533604578789,3.2496560752858397,-0.08578220988082687,-0.055143974748551344
89,-576459783274,0.8599227419787312,3.245984015961724,-0.09047397731215298,-0.058277567003067035
90,-576459783204,0.8662914245634006,3.2510140617892627,-0.08727730938567044,-0.05415680778023289
91,-576459783128,0.8498928844735756,3.2510755903888704,-0.0958943226960759,-0.0542382299134705
92,-576459783058,0.8542037504491005,3.2551876094575327,-0.09267524374583536,-0.051234253253761686
93,-576459782974,0.852095327888947,3.2480208079898567,-0.09213506485840103,-0.0580628971635221
94,-576459782907,0.8602481633566558,3.254450674351972,-0.08776991663805224,-0.05280329902836263
95,-576459782828,0.8518301369126597,3.2509958876178464,-0.09232766812026405,-0.05591957108534003
96,-576459782754,0.8568019647255982,3.255366485325065,-0.088849503906454,-0.052355028150324306
97,-576459782673,0.8521272670711683,3.250148128560083,-0.09076346215525606,-0.05791695481784373
98,-576459782608,0.8598830662598763,3.256199152922872,-0.08667819884835173,-0.05292034129300584
99,-576459782530,0.8582853262467115,3.249437170935823,-0.08696765637408567,-0.05956323730888743
100,-576459782455,0.8671110548377864,3.2558398974240226,-0.08208916674457396,-0.054830439291800856
101,-576459782383,0.8587229559272724,3.2524293931212065,-0.08671297662445757,-0.057966344443250245
102,-576459782305,0.8615155313742736,3.254711471989308,-0.08562617599223289,-0.05638329783104911
103,-576459782234,0.8571665673015892,3.2500165305136797,-0.08763666222196588,-0.060815202638433444
104,-576459782153,0.8608902638104963,3.2528057784416697,-0.08530093228477655,-0.05926809168412984
105,-576459782067,0.8491829065220393,3.249665148650216,-0.09122343841955481,-0.0622523046485817
106,-576459781994,0.8512624275953578,3.2513712543540576,-0.09005272598561523,-0.06190922704281776
107,-576459781921,0.8405493991047857,3.2481864709758717,-0.0951099682210712,-0.06521845165218315
108,-576459781841,0.8446177117526036,3.251380437618157,-0.09209246092500344,-0.06309808640151315
109,-576459781766,0.8410762839077112,3.2447779826619283,-0.09321614215947827,-0.06973775175737448
110,-576459781693,0.850914025082025,3.2517376230267803,-0.08747048310627288,-0.06369081048126202
111,-576459781609,0.844255318536584,3.2459353533761903,-0.0905627807665577,-0.06868454769473774
112,-576459781542,0.8518746995622998,3.2511934782144336,-0.0865610382227071,-0.06409876853167626
113,-576459781469,0.8401267875076023,3.248367750531539,-0.0924227987001328,-0.0660801541527099
114,-576459781392,0.8443826909113065,3.251495496526732,-0.09003499873944218,-0.06317154296073636
115,-576459781316,0.8387526999282815,3.245872205866404,-0.09243098360690576,-0.06828618192975792
116,-576459781237,0.8445811748003423,3.249972566789532,-0.08872740496112409,-0.06443163723049664
117,-576459781172,0.832808559197881,3.247907932453687,-0.09462105056402008,-0.0660901165778378
118,-576459781102,0.8402263500494661,3.2533445021926792,-0.09032117957370171,-0.06186663201938365
119,-576459781010,0.8412647768753448,3.242687544459853,-0.08849007753676305,-0.07226596622622426
120,-576459780945,0.8465688105246575,3.2458787500462276,-0.08577806522115572,-0.06970117872342013
121,-576459780792,0.8453832195469486,3.2445151421636975,-0.0848872211408605,-0.07000031680173122
122,-576459780716,0.8435148852292564,3.236827836543279,-0.08508728523903371,-0.07661137454767275
123,-576459780639,0.8500875195364774,3.24109440736283,-0.08142126284404802,-0.0718167344980588
124,-576459780571,0.8515986090191748,3.233098282001121,-0.0803055992688632,-0.07950396981642255
125,-576459780485,0.8635366169252608,3.2402804704201245,-0.07322861153126692,-0.07374575061178446
126,-576459780399,0.8558004014715067,3.2340904139794935,-0.07609313191169431,-0.07956773464138449
127,-576459780330,0.8641291207672387,3.2385237115654713,-0.07255956136251895,-0.07554626983009725
128,-576459780246,0.8525500760619757,3.2342674539928784,-0.07887919077330098,-0.07899990768773957
129,-576459780173,0.8668283737545129,3.2430957840413415,-0.0714949876220547,-0.07134567176842879
130,-576459780100,0.8627011024266954,3.2366090277311366,-0.07400941051667999,-0.07751813395698642
131,-576459780025,0.8762630316747623,3.2443940580149735,-0.06702420904660467,-0.07081553216550168
133,-576459779870,0.8779293456048703,3.2447223219274273,-0.06691339697545132,-0.06982824285859378
134,-576459779790,0.8734910316594132,3.2388108543344964,-0.06951389299939716,-0.07585212474641671
135,-576459779715,0.8872834193078138,3.24632972257353,-0.06294294610606443,-0.07011039909436885
136,-576459779639,0.864673481415191,3.249006909956074,-0.07490321335244092,-0.06590869362727624
137,-576459779562,0.8741685717359787,3.2547588645328913,-0.07022096759546695,-0.061114807482680014
138,-576459779486,0.8643460138085193,3.2518771778502713,-0.07602462623142979,-0.06425605913825133
139,-576459779409,0.8690653690002091,3.254396708470037,-0.0737359228370094,-0.06239190116378525
140,-576459779332,0.8604916572163607,3.2506934613749037,-0.0778630348740839,-0.06511609231221013
141,-576459779251,0.8685562049552399,3.2557123719559726,-0.07353659632402368,-0.06080892193059853
142,-576459779186,0.867729335085822,3.2494138400620836,-0.07380458680273834,-0.0663110469574501
143,-576459779109,0.8719874925226246,3.251330770406719,-0.07189009988281425,-0.06439922381354579
144,-576459779032,0.8647706609216756,3.246849293161564,-0.07548116099611857,-0.06827027474967305
145,-576459778957,0.8726390176099477,3.251316561040087,-0.07127523783294669,-0.06432353280752082
146,-576459778880,0.8666523614228545,3.246487230627005,-0.0743946725338093,-0.06818273045627529
147,-576459778804,0.8715823526264942,3.24877411926589,-0.07200554363617374,-0.06657685589677509
148,-576459778727,0.8605449947936678,3.246004422647361,-0.07816336699326375,-0.0684872187049464
149,-576459778651,0.8695521459448244,3.2515022634014876,-0.0738893963091401,-0.06407519765512534
150,-576459778573,0.866870620616679,3.2448297739617233,-0.07539665781371416,-0.07022805779046415
151,-576459778492,0.8710722451999947,3.2465178315144168,-0.07346536280397936,-0.06866090271701253
152,-576459778415,0.8694420818917344,3.239164866162793,-0.07447998440210764,-0.07426228359841822
153,-576459778352,0.8733160054509329,3.240414870084473,-0.07317459728975129,-0.07289971559562101
154,-576459778275,0.861295947139951,3.2376132461182454,-0.07984869973071368,-0.07374048966016863
155,-576459778198,0.8698454639094095,3.2424316003640032,-0.07521178794783516,-0.0683466252435576
156,-576459778121,0.8529257004274554,3.2421405859551604,-0.08486643516322358,-0.06693693258442558
157,-576459778053,0.8638462292144602,3.2495923897431265,-0.07929782938526812,-0.059932437821028146
158,-576459777977,0.8578376789069152,3.2447697079820483,-0.08207821613958453,-0.06477583315481267
159,-576459777891,0.8593542222306707,3.2452924518813244,-0.08078278995944137,-0.06484657887412532
160,-576459777821,0.8456776790511458,3.2444444239957773,-0.08805339920039568,-0.06591276679738538
161,-576459777747,0.8545530692735567,3.2506800456125338,-0.08326928382876299,-0.060130868908986224
162,-576459777662,0.8442255451311552,3.2468884156802136,-0.08749484281375859,-0.0633230814146117
163,-576459777585,0.8528262391564008,3.2531254375483334,-0.08230287498993391,-0.057990451407031164
164,-576459777517,0.8403304470943875,3.252176205549428,-0.08909305305751823,-0.05793784845186251
165,-576459777437,0.8429210629893673,3.2545535194243227,-0.0875246096019391,-0.05559225838330573
166,-576459777351,0.8342218168684695,3.2501184854118517,-0.09199261912414006,-0.060061226829601334
167,-576459777287,0.836999633995433,3.252550563524302,-0.09000339227449207,-0.05853310144696301
168,-576459777221,0.828060056735852,3.2500362780121437,-0.09416995311265337,-0.060844274658464634
169,-576459777131,0.8342451782160885,3.255216830335974,-0.0907178599133129,-0.056736983909134196
170,-576459777050,0.8275122818571994,3.2497790344554214,-0.09246324514519048,-0.06070407612345686
171,-576459776982,0.8365806510787018,3.2566547419276413,-0.08749298164014997,-0.05956639399172002
172,-576459776907,0.8365477667933096,3.2489588584100884,-0.08361937407554079,-0.06908306324565494
173,-576459776826,0.844547415495962,3.2536765644024297,-0.08175134954121804,-0.07268867309377135
174,-576459776762,0.857019364221871,3.2406049654608067,-0.07440716179680712,-0.080629489702756
175,-576459776673,0.8705682191482418,3.247780305731285,-0.06480361156980378,-0.07595678061738448
176,-576459776608,0.8539707652914611,3.2476919467042817,-0.07267569865470669,-0.08147421474990756
177,-576459776532,0.8615795434471789,3.250421636811109,-0.06988535231350983,-0.09134108603254286
178,-576459776450,0.844988918488955,3.248079011474816,-0.07664113061101854,-0.08575811856743353
179,-576459776376,0.8486103100893798,3.24869866794778,-0.07542322188991407,-0.07572286796707452
180,-576459776311,0.8456150654152772,3.2419608376781026,-0.07605977114230526,-0.09618342473806746
181,-576459776225,0.8503001368103622,3.2419209227087866,-0.0695789409228222,-0.08165245707119347
182,-576459776157,0.8411811508662717,3.239637738777609,-0.060499853941556214,-0.048515983288926826
183,-576459776080,0.8511456038779909,3.245508494165764,-0.035832970339107616,-0.05341885948523817
184,-576459775999,0.8512197679972827,3.2385839953026063,-0.047823993095594965,-0.07520984977149432
185,-576459775925,0.8659235401605677,3.2470105414682333,-0.04128184902337442,-0.045346354854779794
186,-576459775850,0.8604099525175197,3.245202033906285,-0.03184413794245296,-0.03734310076436018
187,-576459775782,0.8706891067412931,3.251227635843464,-0.02972605837652594,-0.043014883801944175
188,-576459775706,0.8686920109786468,3.246748962723789,-0.04081820961404782,-0.06496219275218713
189,-576459775627,0.8729967795298317,3.2471435884113515,-0.027764475592314354,-0.04589749924597485
190,-576459775562,0.8679054134206428,3.2446100221883585,-0.05889116835678871,-0.06019123905415627
191,-576459775477,0.8769136213974091,3.246021443154067,-0.06593976064304069,-0.12921725120879463
192,-576459775407,0.862474302790489,3.242454173248783,-0.09469165117818085,-0.09778205028076681
193,-576459775331,0.8667515311863992,3.2433812842210976,-0.0970312675634724,-0.09919556595530028
194,-576459775255,0.8587654235432047,3.235447620206104,-0.08898402340604582,-0.1262743814075352
195,-576459775183,0.8723301595132927,3.239728943396788,-0.08776860171010456,-0.15556964903683018
196,-576459775101,0.8655480794262137,3.2231445386294353,-0.09856012751490953,-0.2029854471139304
197,-576459775020,0.8705359422071677,3.216680658923455,-0.0967263062653524,-0.18304441416978892
198,-576459774956,0.8605758259267934,3.206464963307873,-0.0961476305144437,-0.1684615386177022
199,-576459774872,0.8616629676706622,3.1980776722516016,-0.09193965158905783,-0.180772349804296
200,-576459774799,0.857614470238802,3.185058664885687,-0.08759487567467941,-0.167998191378908
201,-576459774718,0.8750020242926184,3.1906800636372927,-0.07938604880440714,-0.1205063174739435
202,-576459774646,0.8628885014055042,3.1854652781589476,-0.08568135977169435,-0.12037271727831966
203,-576459774575,0.8732439405675636,3.1885737616487413,-0.08299041610761582,-0.09759846334873493
204,-576459774498,0.8535822619790183,3.188567493034783,-0.10377369371083328,-0.049740807566904396
205,-576459774420,0.8587573553766655,3.1962867562032384,-0.09595465158110125,0.007092334646930345
206,-576459774344,0.8520632186179747,3.1974391178797723,-0.09894333242508238,0.021615346580320206
207,-576459774269,0.8505115566494622,3.201948806483602,-0.11080284624020469,-0.030509204953394313
208,-576459774190,0.8383566197982294,3.2015962240469853,-0.10922683787442068,-0.016299675971157623
209,-576459774121,0.8304298930927483,3.2007850507307882,-0.10960671845483139,0.00499491249840768
210,-576459774045,0.8376720603965516,3.1962040185962164,-0.10914514856604124,0.059014009600745126
211,-576459773972,0.8251824484204543,3.199420806486156,-0.12168459862965512,0.11682703819563968
212,-576459773892,0.8442701123571201,3.1965796678638347,-0.09472844903819479,0.09530123950721966
213,-576459773824,0.8283011025560664,3.194789308304848,-0.10342429506630438,0.04964674529841963
214,-576459773737,0.8460907657055401,3.1848052755807004,-0.0905656910341133,-0.007024824849190596
215,-576459773671,0.8284482141441807,3.174756259162273,-0.0796032229764407,-0.03831440599921353
216,-576459773590,0.8658163821787414,3.1534796156892044,-0.05039300617396922,-0.010539497706837316
217,-576459773514,0.8435263474441084,3.1423033364121573,-0.06361907032552154,0.05355824576530066
218,-576459773441,0.8686552004800618,3.1323885745982354,-0.058926544592669404,0.03372517590495169
219,-576459773364,0.8425351570321045,3.119721050735667,-0.1068047700522162,9.92302432445592e-4
220,-576459773288,0.8735004391400393,3.1016624120230705,-0.10209586757954062,-0.013891148273868602
221,-576459773220,0.8487879334945119,3.0890278028999982,-0.1264729542701787,-5.249871726508721e-4
222,-576459773143,0.8843079902694783,3.0693201752800845,-0.11227023393769361,-0.002563821472551079
223,-576459773075,0.8505497585673588,3.0503430421815536,-0.13185969177659043,-0.03159884681853112
224,-576459772920,0.793253711485381,3.0113994624685705,-0.13613512109935152,-0.08734808688446061
225,-576459772835,0.864847667950135,2.9677133253555255,-0.07354321661530902,-0.11368106233238548
226,-576459772763,0.8239967570169036,2.932150581091211,-0.0869953108073808,-0.13831350165732084
227,-576459772688,0.8753302341234899,2.8969107188735705,-0.06922409562961046,-0.1477750680232894
228,-576459772613,0.8384018647497333,2.8613941337730697,-0.10040684989735346,-0.19100084016685082
229,-576459772536,0.8795522111398077,2.824356870697061,-0.09015547791031686,-0.23825533346326835
230,-576459772462,0.8447851620102957,2.78617750497801,-0.10126734265052768,-0.27328967465723203
231,-576459772390,0.8888337104374098,2.7424081728739718,-0.07806644308119619,-0.31285529805264056
232,-576459772317,0.857874578184645,2.7023710641756833,-0.11418490231275127,-0.3001144890337531
233,-576459772235,0.877618534096092,2.6672742543719146,-0.11227460435638738,-0.286654283746523
234,-576459772162,0.8466292230729965,2.629488280955858,-0.12132674764317479,-0.2730905015899523
235,-576459772086,0.8749104894268109,2.5936991814705683,-0.09591499336100337,-0.2536034461523772
236,-576459772004,0.8503395946656969,2.5626137960977613,-0.11355781590037783,-0.2476774928707178
237,-576459771932,0.8843867182186722,2.524354110158541,-0.08236744921780662,-0.2780245507793272
238,-576459771847,0.8537806500228464,2.482543032997401,-0.08635555259501801,-0.27621929355812164
239,-576459771768,0.8834187313531215,2.446311149962913,-0.06874052674948877,-0.28136968897467096
240,-576459771704,0.8642938411414075,2.4160513047725845,-0.07918818814471835,-0.2927912157628976
241,-576459771469,0.8921174434189271,2.3255892093808894,-0.05402705304430637,-0.32293995234769884
242,-576459771393,0.8795936555389454,2.2948147577555127,-0.0668742052625314,-0.3105584653394319
243,-576459771317,0.9050519619190316,2.256793368389157,-0.05863002861920288,-0.3140737315619157
244,-576459771233,0.8901305039439005,2.222896750634383,-0.07488660201984079,-0.31523129245821385
245,-576459771166,0.9192300560877478,2.1851508418610157,-0.06846863280728094,-0.32013221045522744
246,-576459771088,0.9031814096284478,2.152876537256956,-0.08242715114988856,-0.31069803685297354
247,-576459771008,0.9322043340277454,2.1125150487454185,-0.060526026365577294,-0.3149536445387407
248,-576459770935,0.9243374736275453,2.0850143885408485,-0.04637494335126969,-0.3289599409403273
249,-576459770860,0.952715602474382,2.0449427691749946,-0.02557724197772368,-0.3350321287616201
250,-576459770782,0.9496849891411396,2.016999281336901,-0.03266992193105384,-0.361177265044541
251,-576459770712,0.9618483291261407,1.9843073324369531,-0.0350615589338158,-0.37468852525995683
252,-576459770620,0.9562394189532055,1.9481819455370653,-0.03627016784112257,-0.3834234966807386
253,-576459770556,0.9730324717543707,1.9137611776602732,-0.0203482584184883,-0.4042719425253401
254,-576459770482,0.97906556757991,1.8891691270108946,-0.016919719426379723,-0.4220175150992396
255,-576459770405,0.9734456829578687,1.8565996529097017,-0.02238489353230745,-0.43689600152926006
256,-576459770327,0.9788047315682419,1.832332470255767,-0.0280979431319316,-0.4348727927325037
257,-576459770247,0.9904878125384832,1.7871403525574086,-0.027793994351126686,-0.4543161584245212
258,-576459770175,1.0121112381304591,1.7728099785739189,-0.01758235566508299,-0.4175751005817486
259,-576459770101,1.0078139881359913,1.7449045142672455,-0.015317729064405265,-0.4348027053409356
260,-576459770020,1.046228907750236,1.7401124644375794,0.009474062954821753,-0.43240553168391493
261,-576459769944,1.0373083875592635,1.7109527714607646,0.0035179690614831347,-0.4911129008191567
262,-576459769868,1.0347310141062467,1.6690156718548121,-0.004810030686826936,-0.5428877061093099
263,-576459769800,1.0245283060333297,1.6362795735476956,-0.02217382768724604,-0.5759236104780637
264,-576459769720,1.0154144154476874,1.584543820289961,-0.029793018113437656,-0.6099050616979299
265,-576459769641,0.9878931436075538,1.5515298177049357,-0.05662463092410089,-0.6068390352693334
266,-576459769568,0.99412013947871,1.5137112342728987,-0.050980173980234876,-0.618706121124448
267,-576459769492,0.9653325069475108,1.4797514621529946,-0.06437375409751575,-0.6332291580358651
268,-576459769423,0.9811196348783254,1.4543565889812784,-0.050687948450149296,-0.6178982960501774
269,-576459769337,0.941184840910255,1.4230985414565716,-0.07611867959215447,-0.591834868987332
270,-576459769260,0.9689802759090858,1.4097668303797688,-0.05446607504810168,-0.5684343482435787
271,-576459769180,0.9173635553321257,1.3945312412030546,-0.09061964657756302,-0.5510500836563225
272,-576459769105,0.9435453444602021,1.3864360899839252,-0.07257602455527508,-0.5097625860009886
273,-576459769027,0.8985501980689479,1.3712368805011594,-0.09961460966845323,-0.48742655200137286
274,-576459768949,0.9254067214050626,1.3709218314482965,-0.08077997886469993,-0.4554219547903858
275,-576459768877,0.8815773248659587,1.3596144563460846,-0.1071554387153777,-0.43650539227567753
276,-576459768809,0.912651850210797,1.3729464437821173,-0.08052365499515465,-0.39624192447316825
277,-576459768725,0.8646911344211822,1.365577495609544,-0.11409809300248167,-0.37092596815272244
278,-576459768644,0.8833907755148815,1.3691633866467223,-0.09684597940106537,-0.3453244653884921
279,-576459768572,0.8476625118405854,1.3614178571561377,-0.1195777237489558,-0.3332359423058564
280,-576459768491,0.8788260215064161,1.3841517281554434,-0.09246226420687519,-0.29340464384317694
281,-576459768424,0.8445161664078177,1.381149563340058,-0.11749478415320609,-0.2721891168847971
282,-576459768344,0.8680365796013945,1.4003399106506476,-0.09560266708818113,-0.23920379718904883
283,-576459768268,0.8332141823307259,1.3988500061266338,-0.1172594053519857,-0.22749185057899649
284,-576459768200,0.8556663319711606,1.4216097012676172,-0.0981144233260381,-0.19343876061451773
285,-576459768122,0.8298820465915782,1.4183665979358453,-0.11425037450415755,-0.17810388181884057
286,-576459768040,0.8462714795139945,1.4365689229058298,-0.09788645929285664,-0.1512820173500762
287,-576459767969,0.8218085106550188,1.4362113193058985,-0.11016950003746509,-0.14418128249191725
288,-576459767893,0.8360105096962248,1.4539444291582284,-0.09700052604051225,-0.11960341604940057
289,-576459767811,0.8215942456206049,1.4489082871386967,-0.10571397457894297,-0.11428696303643061
290,-576459767726,0.830153157251733,1.4617624295049636,-0.0974218754344609,-0.0918321378058557
291,-576459767652,0.81361615871803,1.4604029001529468,-0.10470689725459402,-0.08796005622542888
292,-576459767585,0.8282390317040623,1.4816997372626235,-0.08981615417464182,-0.0677111946945035
293,-576459767505,0.8161415367818623,1.479855742234989,-0.09812546422507491,-0.06279314928301864
294,-576459767439,0.8299823367298292,1.5016750016948202,-0.08773660805792517,-0.03789566216543309
295,-576459767360,0.8232190197691652,1.4988795531136068,-0.08785994209510761,-0.03893117501125338
296,-576459767279,0.8336538949533442,1.5175889640477183,-0.07786529027157932,-0.019997065624642627
297,-576459767199,0.8273678992512264,1.5162764851733004,-0.08580639494739636,-0.01553622426929298
298,-576459767134,0.8392532031779416,1.5365738564923968,-0.07049741184394875,-0.00593591885862849
299,-576459767050,0.8350096690011559,1.5348192304023802,-0.074711768608726,-0.009096937293441082
300,-576459766981,0.8463798947196324,1.5548232331392173,-0.07439974592106559,0.012474862050013361
301,-576459766900,0.8459691806270592,1.5519334421730748,-0.08788317266863328,0.004547338162212772
302,-576459766835,0.8536002224643278,1.5688339873330768,-0.09961226814196714,0.011059178814319143
303,-576459766760,0.8469419168112333,1.5683760508458051,-0.12940964346496447,0.008797493318100626
304,-576459766675,0.8501630106692121,1.5878522126989405,-0.15635690237331004,0.024202577995861018
305,-576459766606,0.8414118678343524,1.587742217952759,-0.17846395658968148,0.022421553287548253
306,-576459766530,0.8465482144671245,1.6121149437267892,-0.184556544715629,0.02646961591100493
307,-576459766448,0.8441044417666247,1.6058631725432493,-0.19994505745295663,0.017856661962062464
308,-576459766374,0.8488643404683881,1.6325146723174189,-0.1950800394533018,0.06640128116991958
309,-576459766303,0.8509846200154778,1.6271239793850947,-0.21475260670122306,0.06330699323511983
310,-576459766220,0.8606787041266223,1.6647825748428673,-0.2096137668405598,0.06920812916304699
311,-576459766145,0.8742393750026566,1.6513785556198572,-0.20433239248082535,0.06421736450372506
312,-576459766065,0.878592582483026,1.681040904076287,-0.2261755567805481,0.10491615775231546
313,-576459765993,0.8890991296953247,1.6706550590832656,-0.23375314717766976,0.0808831442404056
314,-576459765909,0.8945699296797227,1.7065048595442829,-0.26334894517933594,0.101040551917757
315,-576459765840,0.9053251922536252,1.6937528288170753,-0.2467227879196118,0.056436016955023066
316,-576459765764,0.8997744301966459,1.712633744041076,-0.24934954832593784,0.05662983442182511
317,-576459765682,0.9160519383644562,1.6932727170371427,-0.25431816353784703,0.02584873076799911
318,-576459765616,0.9334934967199794,1.7330880318854565,-0.2506514805108946,0.052210363950949766
319,-576459765540,0.9588038482981063,1.7077468120373767,-0.22562192036511303,0.02563632994691078
320,-576459765464,0.9780862597592306,1.7467152146792766,-0.2004241531755706,0.053512238787760215
321,-576459765387,1.0060816391166338,1.7211969776741844,-0.1625708090370276,0.017480826231955744
322,-576459765311,1.0158246391121368,1.7440206925218675,-0.15735204026434627,0.034562131291001566
323,-576459765239,1.057630974390428,1.7098171390057881,-0.133701696628361,0.013544122022312796
324,-576459765174,1.0741915364184356,1.7338649647740298,-0.10723153665787942,0.025300883054179914
325,-576459765088,1.1069753636407489,1.7051525144736779,-0.05632611330782411,-0.020678011755201176
326,-576459765010,1.135204680207281,1.7307650214561359,-0.015708664584009126,-0.00567432993589977
327,-576459764935,1.1753463234904469,1.6990157268812425,0.03281821069769557,-0.025452205149755387
328,-576459764859,1.2063045030198098,1.7198866518476397,0.0803921553380091,-5.505886769303116e-4
329,-576459764782,1.2491455116684393,1.6902503070673778,0.1426328217888456,-0.025478737344528376
330,-576459764714,1.2802880923067663,1.704285154575762,0.1920262290430377,-0.005680456281923187
331,-576459764637,1.3222485123798766,1.6809182420968682,0.24478510640810042,-0.027349036590088752
332,-576459764561,1.3657684055595314,1.6955367142442395,0.2876003787196824,-0.022052906720289464
333,-576459764485,1.4055897742148054,1.6771159787042913,0.3159004271530728,-0.035496852196173184
334,-576459764408,1.4493422162320782,1.6862499562346174,0.3702653471778219,-0.032058661158743326
335,-576459764331,1.486962034566913,1.6745511636253252,0.3764361083992496,-0.026594230549370525
336,-576459764255,1.5206129916371558,1.6746930190767653,0.4093443552123065,-0.02648729836791924
337,-576459764148,1.5657812593446432,1.668795994001507,0.43414569667705905,-0.03299455488387355
338,-576459764080,1.5907935719807402,1.6629484280079527,0.43365727120404673,-0.03207261120729546
339,-576459763975,1.6301415173369669,1.6561904375089742,0.43214373399212475,-0.04243597892116446
340,-576459763919,1.653391275368603,1.6474537091617536,0.4194933018748133,-0.04825000898658816
341,-576459763838,1.6757270704189084,1.6564983441893915,0.41158497943314876,-0.03169210070737016
342,-576459763765,1.6882557915299212,1.6441465967605202,0.3960025659882805,-0.04020599318899408
343,-576459763689,1.7103414018733467,1.651249226959415,0.38853238160976444,-0.033855752712223464
344,-576459763615,1.713734200459189,1.637123309092259,0.3701787795799616,-0.04466814685782527
345,-576459763542,1.729904307112447,1.6496618138294663,0.36307392597009475,-0.03438328541652852
346,-576459763466,1.7390062888109843,1.6378095799087695,0.3463415132960913,-0.047320672516534004
347,-576459763387,1.754109455857936,1.649244094397604,0.33645094181037977,-0.03282712295590015
348,-576459763322,1.7473454227342535,1.6329213516533505,0.3165711145045818,-0.04706130861704311
349,-576459763242,1.7542075645155133,1.652254792150277,0.3057086805753193,-0.03802525495867931
350,-576459763179,1.7474769356730662,1.637398317983178,0.2838171494429155,-0.0497107738154383
351,-576459763093,1.7610040493659658,1.6480181374604725,0.27714409609526786,-0.03357026051935358
352,-576459763020,1.754257788236909,1.6336667345663538,0.2594039305940424,-0.045634930517389656
353,-576459762943,1.758893990693852,1.6501280259312119,0.24585593521858218,-0.032435559205782255
354,-576459762871,1.7533492247330285,1.6366544519291875,0.22875492111243542,-0.038325927534990756
355,-576459762792,1.7576823136260593,1.6507432514508371,0.21910149747318436,-0.02727451730865524
356,-576459762722,1.7438547962814426,1.6354327416791767,0.1951646584242078,-0.042543810446514285
357,-576459762640,1.7472641579082475,1.649337081221423,0.19173343434683648,-0.03163718351614815
358,-576459762574,1.732510280259046,1.6341181757252319,0.17548531322441896,-0.04735281943076182
359,-576459762491,1.7359694252361944,1.643013311553526,0.16602262722735467,-0.04468119776853262
360,-576459762417,1.7271795720002556,1.6297014966219028,0.15041734853270872,-0.04882955179181683
361,-576459762341,1.7243133267540163,1.6441019189255266,0.1379755438954797,-0.032161580446729024
362,-576459762273,1.7132464425975757,1.6322363719928261,0.1212779727852407,-0.043501541213896086
363,-576459762192,1.7116292221444178,1.6417453650879361,0.10778152498646405,-0.049524033485503875
364,-576459762113,1.7007155086900916,1.6271063354758244,0.1087417885451034,-0.09046789489987696
365,-576459762037,1.6954787252922574,1.6342690618813154,0.09665494459926056,-0.15997270419067688
366,-576459761964,1.6923532250554212,1.6147400060101678,0.0860180311607447,-0.22061696060926847
367,-576459761889,1.6808991538152689,1.617902783976858,0.0418561559443674,-0.20397231208517724
368,-576459761808,1.6924430322718307,1.6064084816707531,0.06662388399710198,-0.19502496056106705
369,-576459761732,1.6808431338996845,1.6111597022323287,0.053024575086011765,-0.20118801281983584
370,-576459761664,1.6980272692477312,1.6034929450193613,0.06021041885083232,-0.21656625762985876
371,-576459761591,1.6712115138889438,1.6247571245791588,0.025961282977908125,-0.22158556192710321
372,-576459761515,1.6898700336018009,1.6150537077969087,0.020132543040034586,-0.24470930625919887
373,-576459761417,1.658025602287638,1.6376141067983399,0.007217969786234686,-0.21749835197588635
374,-576459761363,1.6724776033914868,1.6280220567544408,0.01402001982873647,-0.21790035705836924
375,-576459761278,1.630972812145487,1.6595638107612567,-0.01937624919416918,-0.2132481803309904
376,-576459761200,1.6520905137542847,1.6567434868667246,-0.0014930949214072634,-0.1704502143490067
377,-576459761133,1.613854648051133,1.6913668933903077,-0.02001418231854235,-0.1256156591401082
378,-576459761056,1.6431651458655785,1.6977855695050015,0.0038864212016765827,-0.14501773653945688
379,-576459760987,1.6021083985417506,1.735748268839144,-0.02148663546371099,-0.14610853229310597
380,-576459760912,1.6340816273094658,1.742253225043077,-7.870855626091258e-5,-0.1710293924894742
381,-576459760832,1.5888631399955448,1.7812901408321422,-0.04405495466194935,-0.1381564642075523
382,-576459760767,1.6229257802021486,1.7941056283164836,-0.030377389012061762,-0.11608394991153134
383,-576459760674,1.5789292668703419,1.8322675998492752,-0.04722162900738731,-0.06548470300561124
384,-576459760613,1.608474857274785,1.8488633706846267,-0.02164942424393772,-0.004661035703255812
385,-576459760536,1.5645960694394672,1.8986618153050672,-0.04388988657096379,0.07350485347630942
386,-576459760459,1.5948976620391755,1.926027776965043,-0.009096184000808989,0.12312078288949846
387,-576459760382,1.5656888636233834,1.970377171626934,-0.021694174692934436,0.19164467765655055
388,-576459760299,1.59126364614745,2.002559896589578,-0.028974337603906556,0.19535304478397844
389,-576459760229,1.566093451771824,2.0412249836783984,-0.07193203462791954,0.17445316923960866
390,-576459760152,1.5812296077757475,2.0665832217157534,-0.052651892682348295,0.1382182998416677
391,-576459760075,1.553235165878399,2.102168690340426,-0.07278204044088266,0.11830622676509327
392,-576459760008,1.580139959062882,2.1294030287637327,-0.06197889313376623,0.11888854335106028
393,-576459759931,1.5550467300649313,2.1592033689951995,-0.0796495591857842,0.11334267904679035
394,-576459759854,1.5951896949470563,2.195925899970728,-0.01612265391316454,0.1592567384214125
395,-576459759773,1.5749873317494556,2.2309804708606515,-0.008223511150683087,0.2175388745098604
396,-576459759697,1.6047763383131124,2.2680273721726527,0.0020667699334247364,0.27870006330416375
397,-576459759632,1.5839907185688922,2.309431098391128,-0.001932652811387027,0.29655635548732245
398,-576459759547,1.6014145807300542,2.3462108530265335,-0.014822505756762881,0.31302813279120484
399,-576459759470,1.5828821652885563,2.384947320191258,-0.05892658660992935,0.2983273651897721
400,-576459759398,1.5988475106146738,2.4161249159412543,-0.06510925997329797,0.24461668558678282
401,-576459759312,1.5843452100706763,2.443558118210379,-0.06448393362987138,0.22538067703098752
402,-576459759248,1.6065267290367984,2.473871212318206,-0.035084966763309564,0.24490379645968158
403,-576459759163,1.583693915661224,2.5154386566409364,-0.0463095498666681,0.27630162752956067
404,-576459759088,1.6090008311406465,2.5531599837153687,-0.03367244550664018,0.2929005683884077
405,-576459759011,1.589975202207569,2.5914382836562275,-0.04960265971433173,0.2995111412192937
406,-576459758942,1.6159025501777895,2.628258091747938,-0.03359999982185692,0.30963323725334196
407,-576459758859,1.5988361657285142,2.6692391808639004,-0.01822607218011305,0.32124524986403313
408,-576459758708,1.5806255957422823,2.7364635954975656,-0.015682653769364042,0.3531605843908167
409,-576459758626,1.5967447287457428,2.7732361114928232,-0.01955510914088448,0.3508637638733284
410,-576459758554,1.5850086296296955,2.80693620942822,-0.026060775401979347,0.27859564856975805
411,-576459758478,1.6004283841550804,2.835281701123054,-0.014995767621520254,0.22244378609197443
412,-576459758408,1.5750008321087123,2.8719040152356663,-0.03823288936284222,0.19965659142360315
413,-576459758332,1.591465352277759,2.896776962972975,-0.0352826066506656,0.19709736296771244
414,-576459758247,1.5552609548397156,2.943823249689574,-0.07435224180970805,0.25702289918094645
415,-576459758187,1.5874513253186981,2.9801282277621586,-0.06533212120254624,0.31737851153365837
416,-576459758108,1.5629805868359632,3.0240622467899967,-0.07346694520164652,0.3870759258160963
417,-576459758027,1.563552706621814,3.059650810191866,-0.05972741286276363,0.45611080400648774
418,-576459757925,1.5380161129926715,3.1179728662044996,-0.05986048677481562,0.5916535171460722
419,-576459757876,1.5270863997274555,3.162481029748473,-0.04677596532864343,0.6480885554379365
420,-576459757808,1.5194890036901674,3.2094463227047405,-0.043715576756900014,0.6804561292893809
421,-576459757722,1.4776669674222385,3.250025264934885,-0.054789739351064945,0.7174490188517368
422,-576459757649,1.488606228857714,3.289324600643367,-0.05150499338584834,0.7533018383825973
423,-576459757568,1.4356831258305651,3.3289399984442842,-0.10516014843750558,0.7606051303134488
424,-576459757492,1.4564351107145257,3.3652263429372704,-0.08150419104460548,0.7182870997832139
425,-576459757408,1.390729064727774,3.387943247158894,-0.11975266267894939,0.6560960544851347
426,-576459757338,1.4252342011030774,3.4051087247061225,-0.10392448570980475,0.6492623787873049
427,-576459757258,1.3634214041143797,3.422681555678563,-0.1279432861467899,0.619145945286126
428,-576459757192,1.4078477862870045,3.429289563564075,-0.1068316241381981,0.5923123880291177
429,-576459757111,1.3499624499072758,3.446784806295744,-0.129243160792188,0.58852235429597
430,-576459757034,1.4040935274291526,3.449453155395558,-0.1002576724943604,0.5590699946153378
431,-576459756970,1.3499380649690689,3.4610611431896734,-0.12581173523699113,0.5341877121857749
432,-576459756886,1.4021336880173645,3.4636968070764276,-0.09971559088481549,0.5001106368618157
433,-576459756815,1.3547941464525395,3.47504850100971,-0.129760554702178,0.4655587594832566
434,-576459756749,1.4028117049922704,3.4686455996531,-0.10148845269094445,0.4142198346641526
435,-576459756672,1.3402328903985785,3.470285821224284,-0.13139384028217335,0.38521548285789575
436,-576459756596,1.3895780392375474,3.4613967967299457,-0.11133508692337617,0.35734774572347067
437,-576459756523,1.310913984994758,3.447797123964938,-0.15044393442325107,0.32257942855969934
438,-576459756449,1.3645682239125017,3.4309616368265607,-0.12207683926651228,0.27221162968028045
439,-576459756361,1.2923694760754505,3.4192395126744475,-0.15591007541561547,0.21050933676324005
440,-576459756288,1.3426367816346436,3.396210379030962,-0.12593301993529715,0.1657050206728493
441,-576459756214,1.2794466978509123,3.379933907667134,-0.15660230453530746,0.14440734169852415
442,-576459756143,1.322043104673337,3.357671261389222,-0.13358992079419282,0.11450412995150924
443,-576459756063,1.2699851642331383,3.3435900819151487,-0.161081056032604,0.09387868936899293
444,-576459755990,1.3035351561307298,3.3228519608466396,-0.13856329949321072,0.05117798704969431
445,-576459755910,1.2575345817539854,3.3072904988949,-0.16853405282082032,0.03287703294359456
446,-576459755845,1.2783799657478292,3.290313679524674,-0.15325749085781032,0.010613273763831359
447,-576459755766,1.2426283840270165,3.277528278630409,-0.16647417318664803,-0.004013187694579968
448,-576459755688,1.2560667233753318,3.2616850629852365,-0.16096905964174368,-0.018153848731865596
449,-576459755616,1.2350147626675398,3.255005470328056,-0.16639153271168353,-0.03172506119063237
450,-576459755547,1.2387415143039875,3.243853571292434,-0.16063383009692717,-0.04497183264426698
451,-576459755469,1.2138679895744784,3.2330506125585337,-0.17007073106648532,-0.05680110432526862
452,-576459755394,1.2169371693602724,3.219398313347324,-0.161256454263289,-0.06665232582180373
453,-576459755321,1.2046747617499896,3.213819729377674,-0.14778598711670915,-0.07277881998768258
454,-576459755246,1.210914162699045,3.1984221592284907,-0.08794296792876363,-0.09316828108551903
455,-576459755161,1.2314315062439214,3.204589843739913,-0.019085274519393937,-0.09778610601123053
456,-576459755081,1.241505570903336,3.191294583385266,0.027294133434021713,-0.10124586334331158
457,-576459755009,1.258916736749981,3.192225846649349,0.04790917355108449,-0.09009425708801551
458,-576459754932,1.260237082306727,3.1869002866236134,0.07092426662442229,-0.09721818136702827
459,-576459754850,1.2614661428113918,3.176495637635681,0.1010888207302945,-0.10127038339552383
460,-576459754779,1.26756409238832,3.170735304946947,0.1316655622640206,-0.09616049102195165
461,-576459754703,1.361233471601817,3.2088575210587154,0.1898846907972089,-0.06186750921305726
462,-576459754625,1.369471768167844,3.2068860685711753,0.14407640026947033,-0.07960515632034333
463,-576459754549,1.379446049935341,3.200427625970105,0.15104192897368318,-0.07112202931855138
464,-576459754468,1.3845816461131155,3.2000523926842646,0.10294747923641122,-0.02777140179240262
465,-576459754403,1.4173786255103933,3.2105123184314017,0.11826774762403845,-0.03511152204257363
466,-576459754314,1.4156010058859267,3.2137027397452957,0.10118536539997611,-0.06253895308031412
467,-576459754248,1.4426459577005428,3.219018791016395,0.11544184786036696,-0.06807260433615035
468,-576459754173,1.4383847202765312,3.2233511786335645,0.12731000780727117,-0.05436076294328679
469,-576459754096,1.4553443845206546,3.2226100930039516,0.13890843472717712,-0.0541319043120529
470,-576459754023,1.4439897183093287,3.2331675728418716,0.13947847810396785,-0.0617864909506052
471,-576459753947,1.4458304382629952,3.224031312601023,0.14933580087063733,-0.055477825634677194
472,-576459753875,1.4220775969428807,3.245177904834328,0.1578222084939166,-0.030162853317937877
473,-576459753806,1.4130335941289351,3.2339663912836087,0.14822789470780964,-0.017991366274597333
474,-576459753718,1.3901810943211033,3.256567596179207,0.11540715233863366,0.010091178790122878
475,-576459753654,1.3926548095965554,3.2546255197906913,0.09191429141424193,-9.651657639880508e-4
476,-576459753569,1.3785464093814028,3.2685546768292713,0.0698909717659988,-0.0014174825982232568
477,-576459753493,1.3617830034082525,3.256952494209591,0.04216051715651785,-0.011777383129926948
478,-576459753425,1.3325259100952658,3.2768288441553226,0.016773330729566993,0.010519868415136397
479,-576459753348,1.3211487919545033,3.270992443243377,-0.03415135504134252,-0.011037088417289665
480,-576459753279,1.2916834731963223,3.285803662490035,-0.08826566017402725,3.811642322848856e-4
481,-576459753199,1.2683687142138866,3.2772029759492565,-0.13906667773398734,-0.010744180304386524
482,-576459753125,1.225785900211568,3.293569024898183,-0.21788928899422225,-0.0034795685697623074
483,-576459753058,1.1920125368287249,3.282524523990988,-0.31286635672039137,-0.03993642105292404
484,-576459752977,1.144116642425914,3.2908570151469387,-0.3631815341097163,-0.04749864829133136
485,-576459752903,1.105405381906369,3.2807270510941797,-0.3774065902793769,-0.048257825101510624
486,-576459752824,1.0603474887469748,3.2851779993167174,-0.4033063284567005,-0.04351155906118568
487,-576459752750,1.025360668529839,3.278602902542839,-0.41107701999074714,-0.05577906893492553
488,-576459752674,0.986169408492561,3.2778389343616574,-0.408109663491436,-0.06243401791605014
489,-576459752604,0.9589550905766384,3.2737677740768882,-0.4098950314809766,-0.07621586767086985
490,-576459752514,0.9227751442080192,3.2682468252440877,-0.41557077287650246,-0.05736097216853452
491,-576459752442,0.8967215703801281,3.2685043584354645,-0.4203429890061281,-0.06810003400428762
492,-576459752375,0.8700353747461753,3.2618544884070064,-0.42718731179056846,-0.10164864447232352
493,-576459752290,0.8414333706270906,3.25904681948377,-0.42353479760286794,-0.09586359294142045
494,-576459752222,0.8121907140392423,3.2529439442626122,-0.42717759932317656,-0.09123397665383536
495,-576459752153,0.7970699982122395,3.255963990919798,-0.4246260519659814,-0.0894211594528914
496,-576459752068,0.7685214414721061,3.242013807495752,-0.4218867318800186,-0.10327063115863767
497,-576459751995,0.7545732089856152,3.247211590803264,-0.41827527944011167,-0.09417268103417023
498,-576459751924,0.7351269439282191,3.2359101607821317,-0.420692470526131,-0.05319528475449513
499,-576459751846,0.7244567431901875,3.250920795318925,-0.4179987239435274,-0.03260210990378089
500,-576459751770,0.7053376140826806,3.2430959158986723,-0.4136226043071382,-0.03921120889933947
501,-576459751701,0.692434678862167,3.252841765372622,-0.4099387697935057,-0.04613334704574237
502,-576459751606,0.6732513462871232,3.241033831932009,-0.4017486429230706,-0.04407619189029895
503,-576459751530,0.6598763520266817,3.2525577908665997,-0.3963102709261669,-0.03682647103248264
504,-576459751449,0.6557746535295427,3.239124061900368,-0.3841912794523913,-0.049689292595119255
505,-576459751374,0.6434330970374835,3.2505771824425658,-0.3790445645024694,-0.036678326049949535
506,-576459751294,0.6451779400698788,3.2361494961555137,-0.3794508626507218,-0.030141964512668228
507,-576459751229,0.6500474580312907,3.2607263735292786,-0.3646269824709299,0.002580657242584418
508,-576459751152,0.6670005397595279,3.243001236679224,-0.3402304350226903,-0.02849631357030003
509,-576459751072,0.6628122803238974,3.258624189119618,-0.33070005463619917,-0.016815623376148163
510,-576459750996,0.6690698838587165,3.2445109808223567,-0.32108810221802053,-0.03827526707346199
511,-576459750923,0.662272984430981,3.255904932873043,-0.31885371206352126,-0.032527537526836535
512,-576459750846,0.6629541659701942,3.243542397623678,-0.30933158558687673,-0.042859261924746934
513,-576459750770,0.6622971364561264,3.258987157548847,-0.3014308927446703,-0.03085631447441893
514,-576459750690,0.6752082423946922,3.2424200373433907,-0.2823952713991893,-0.048794149480880185
515,-576459750616,0.6686011215674751,3.2510503143953966,-0.279956311605214,-0.042383739135492135
516,-576459750458,0.6455205163579726,3.262515381032589,-0.27661066845843124,-0.03512134585533065
517,-576459750387,0.6622747603530709,3.245911399584791,-0.2596043719501217,-0.04095942752566156
518,-576459750310,0.6601378590880035,3.258162463649952,-0.25485910735453743,-0.03194701136897646
519,-576459750228,0.667993878797989,3.2449647066792395,-0.24336729992595293,-0.04522408238978072
520,-576459750161,0.6658426045387349,3.2538375103344372,-0.23860561361695368,-0.03861372989938468
521,-576459750086,0.6733442000166404,3.2408101147764197,-0.22846823609799327,-0.05452943210040867
522,-576459750006,0.6781426700137567,3.2545978706261707,-0.21943678343294695,-0.04366886703806672
523,-576459749933,0.6873820022430666,3.2411934138955916,-0.20977347682540315,-0.055032846671640795
524,-576459749852,0.6934456705563287,3.2542357830992525,-0.20192366530411576,-0.0490729176335307
525,-576459749780,0.6965812414034731,3.243081982021442,-0.19429271047371233,-0.06043318053021579
526,-576459749701,0.6993009979837949,3.252130394869174,-0.19076442400841073,-0.05608717340172225
527,-576459749623,0.713183489732558,3.236266375530998,-0.18099871494727449,-0.074547001183139
528,-576459749547,0.7142127225049717,3.2419404617024674,-0.17736148693272374,-0.06993220860209177
529,-576459749474,0.7120310794776693,3.2318686739037386,-0.17303520804532144,-0.08053677140576933
530,-576459749400,0.7213155364383519,3.2428019918459645,-0.16503667104112676,-0.06384511537531729
531,-576459749315,0.7237209196839263,3.2307024629419274,-0.15833433814718653,-0.07322141729432019
532,-576459749246,0.7320721611174507,3.2402458096990743,-0.15259221288293665,-0.06657506320520601
533,-576459749164,0.7322721228318869,3.2289948767299,-0.14874374219678344,-0.0755014021727244
534,-576459749087,0.7434565728106627,3.240287135125293,-0.14051604865424064,-0.06710296237000735
535,-576459749011,0.7490187223403821,3.2282618779953953,-0.13507741743381216,-0.07692782495155635
536,-576459748942,0.7616464935058828,3.2394112221663125,-0.1265318842390725,-0.06604558004313402
537,-576459748867,0.7625310278246918,3.2297623833077567,-0.12359515387837786,-0.07412736088553377
538,-576459748790,0.7722609420313397,3.238364970169378,-0.11633354368782933,-0.06623613943458453
539,-576459748708,0.7679624344296031,3.23101884590671,-0.11704165815287335,-0.07201680827536482
540,-576459748635,0.7804694961373362,3.241573703199525,-0.11020810556358505,-0.062276045508825935
541,-576459748555,0.7776746486989564,3.2341371072480727,-0.10838459524628065,-0.06845770850347127
542,-576459748481,0.7886087118619107,3.2432679310289525,-0.1029189835731201,-0.060666222929843416
543,-576459748411,0.7886732155547843,3.2367529396673627,-0.10072390734268906,-0.06694013144409579
544,-576459748326,0.7988038667143242,3.2449125797620577,-0.09417432705646767,-0.059266412958531675
545,-576459748255,0.7988856290516979,3.2376851393026427,-0.09170165280743163,-0.0643485393914523
546,-576459748166,0.8068463581450288,3.243860734530647,-0.08732439280057211,-0.059034929712679554
547,-576459748084,0.8071395927562783,3.2349734255298794,-0.08640202373272833,-0.06781041510567457
548,-576459748016,0.8140020420601748,3.239733503776188,-0.08439032903352668,-0.06419297256166101
549,-576459747859,0.8143115696407809,3.241087948349242,-0.08568347195245432,-0.060759949026124256
550,-576459747784,0.8061365214225922,3.2368682068969834,-0.0892217024558536,-0.06449463506014523
551,-576459747703,0.814031060630867,3.2435886220069983,-0.08338430335051071,-0.05810097613589441
552,-576459747632,0.8131493911040515,3.236479276572037,-0.08371242529913436,-0.06322456357480741
553,-576459747560,0.8200440162845781,3.241765187498928,-0.07924230386916263,-0.05927353953359661
554,-576459747487,0.8152948919989699,3.237335007412327,-0.08147085632772637,-0.06352675765907993
555,-576459747411,0.822938265479339,3.242872307989902,-0.07775472058116738,-0.05884039980472139
556,-576459747333,0.8305474574792178,3.2320662162628704,-0.07360512983819968,-0.07027059089365485
557,-576459747253,0.8391893841967474,3.237148690297054,-0.07001299650729094,-0.06556591200429274
558,-576459747180,0.8369687080391056,3.2305614806936234,-0.07023959741077368,-0.07139666458052661
559,-576459747103,0.8510350260059941,3.239120181680904,-0.06361272153466628,-0.0641928788610596
560,-576459747034,0.8467520726666512,3.234574350907129,-0.06577768786426917,-0.06695348217943792
561,-576459746950,0.8554540681554912,3.2391504083572666,-0.06153983410445991,-0.061437563585136065
562,-576459746873,0.8502611548002723,3.2344152819716228,-0.06437217084156274,-0.0650987328742578
563,-576459746792,0.8542760503209242,3.2356834283609857,-0.06286095217046903,-0.06533846166392608
564,-576459746727,0.8489023733077465,3.231532226723563,-0.06690125565646951,-0.06818167045486523
565,-576459746647,0.8622837363474806,3.2394369339771205,-0.060180686942816704,-0.06122997894389191
566,-576459746577,0.8583322010134512,3.235064295163596,-0.06289900284442519,-0.06498396497448487
567,-576459746504,0.8718171385653076,3.2430250365745725,-0.056649741959113945,-0.0577272855945683
568,-576459746425,0.8683556053933257,3.2377979155773566,-0.058955672884877235,-0.0620585864377156
569,-576459746350,0.8771717807459377,3.2424365707315155,-0.054961847208290046,-0.05777223422730442
570,-576459746274,0.8711786280796066,3.2386545961065805,-0.05826687376874709,-0.06125203607171788
571,-576459746196,0.8716517247890957,3.237388277128691,-0.059163258942212936,-0.06281540308964494
572,-576459746119,0.860193769420376,3.235568243801548,-0.06517718700344853,-0.0616154148089489
573,-576459746042,0.8642430811671759,3.237269278505621,-0.06449603625245152,-0.06074933665620776
574,-576459745967,0.8620873806791958,3.2311647810093755,-0.06573565241860779,-0.06604542213511148
575,-576459745899,0.8742462027606759,3.2384430550228056,-0.06059676376389858,-0.05981964895733108
576,-576459745822,0.8672560824795205,3.2348016277621228,-0.06502389674345045,-0.06241315499672989
577,-576459745728,0.8743453260746783,3.2383390583957183,-0.06218985637755717,-0.05890421670933121
578,-576459745668,0.8694462113829964,3.235184433077969,-0.06505375880264909,-0.06190152282806556
579,-576459745589,0.8769936529173629,3.2392674597746978,-0.061429030273829205,-0.05818100247063918
580,-576459745518,0.8714951922660364,3.2356778675526754,-0.0651627368602499,-0.062082870261329824
581,-576459745445,0.8709780213964097,3.233996478739552,-0.06528862164414674,-0.0637583758943495
582,-576459745364,0.8618241131028936,3.2308704071372003,-0.07125353176024816,-0.06484987762410352
583,-576459745288,0.8749531746305464,3.2392311781341574,-0.06521628651083682,-0.05681805138469212
584,-576459745223,0.8673251599303854,3.2366677890084934,-0.06932114183569743,-0.05912151926472502
585,-576459745143,0.8771044818611464,3.2428315165637867,-0.06526377037501783,-0.05452856059941184
586,-576459745070,0.873790697869505,3.237701801057309,-0.06781570704750409,-0.058994907041087
587,-576459744994,0.879371908002852,3.2408379864825383,-0.06557288758396333,-0.05540664727088332
588,-576459744917,0.874276298059778,3.2364222278740233,-0.06831195001608698,-0.05984520587948758
589,-576459744848,0.8833662790162694,3.241995355903785,-0.06409405219486862,-0.056063306224096665
590,-576459744776,0.8799421292075115,3.2375971009988773,-0.06655520487635483,-0.059920397345713215
591,-576459744700,0.8881795034581348,3.242345660925757,-0.06317060946068419,-0.056533609023098466
592,-576459744614,0.8799404965748774,3.2386132822596623,-0.0678032277534692,-0.05981596553998837
593,-576459744547,0.8825597448696896,3.239591080767869,-0.06652084144161266,-0.0593375299792196
594,-576459744474,0.870225725782333,3.238133318772975,-0.07408272939956655,-0.06146872202402742
595,-576459744397,0.8753385342954244,3.2410942067054154,-0.07149328942905363,-0.0586853896955876
596,-576459744316,0.8658920325517173,3.238261708384202,-0.07659093380034185,-0.061114175127285356
597,-576459744251,0.8752540351701701,3.244490032901962,-0.07214565484587905,-0.0560113328137975
598,-576459744181,0.8703252929317474,3.240373476635262,-0.0749175425572012,-0.059775214757376544
599,-576459744096,0.879238858193505,3.246203764987826,-0.07068029174661211,-0.05495770239116544
600,-576459744011,0.8644254089806244,3.2454567930191756,-0.07883232281211179,-0.05585542805400873
601,-576459743939,0.8704495206661331,3.2498499162687873,-0.07578314028062637,-0.051942604930822804
602,-576459743869,0.8680843184610539,3.2447964631715545,-0.07687748644418194,-0.05565851347182456
603,-576459743784,0.8712617517364915,3.247019006592097,-0.07481298827025323,-0.05366369132502895
604,-576459743710,0.8632492078105293,3.2437500330531015,-0.0788785890289264,-0.05629347839463735
605,-576459743632,0.8633535407644608,3.243858369933594,-0.07842310092218407,-0.05594952226200085
606,-576459743555,0.853994900646661,3.240882522759463,-0.08310867587100074,-0.05832030014053956
607,-576459743477,0.8615928804537173,3.2465649212514758,-0.07877318013100462,-0.053480341419887924
608,-576459743409,0.8570195930184521,3.2423066875665754,-0.08100307839336446,-0.05733491807808451
609,-576459743336,0.8633442913021291,3.2469621852341777,-0.07743828893289831,-0.05280874880111571
610,-576459743266,0.8544532184532602,3.2448538832739406,-0.08201519094403688,-0.05503271350879874
611,-576459743178,0.8596994789976433,3.249008907111139,-0.07905391252927334,-0.05158126250342408
612,-576459743113,0.8536977730317442,3.245597755902245,-0.08168839238659253,-0.05459374298418142
613,-576459743037,0.8594205705020235,3.2500530864659765,-0.07916520977738933,-0.05107589317220908
614,-576459742961,0.855222837084175,3.2451314838198964,-0.08050869664468563,-0.05568340067299228
615,-576459742891,0.8596773634381347,3.248422394420117,-0.07784450302276652,-0.053268331296203036
616,-576459742803,0.8555067170254332,3.24253919809997,-0.07949929611603072,-0.05889892234448076
617,-576459742737,0.8605196327710746,3.245974271722396,-0.07697424220708021,-0.05600657361423556
618,-576459742661,0.8553808167825268,3.241146717435179,-0.07919698536425115,-0.060668663742734136
619,-576459742567,0.8676542184674284,3.2496007937784337,-0.07272417880112399,-0.053832284233627806
620,-576459742513,0.8662024462804929,3.2434580028126945,-0.07361348168141288,-0.059450521081130185
621,-576459742438,0.8764141983901444,3.250131722548386,-0.06863028995978235,-0.053505763504695505
622,-576459742369,0.8653217500337749,3.2492411887384174,-0.07496488480960052,-0.05392485190038143
623,-576459742300,0.869736185210019,3.2522722703330187,-0.07272655002776733,-0.05151839054194923
624,-576459742214,0.8646990477816784,3.247101673118159,-0.07581793862560922,-0.05676624185956981
625,-576459742137,0.8710697282461569,3.2514240489359154,-0.0726822772533642,-0.05313571415516824
626,-576459742060,0.8620085306387081,3.248776649061421,-0.0771448676742173,-0.05548053840531549
627,-576459741985,0.86523812147666,3.2510585859225487,-0.07576196274504787,-0.053393533783253025
628,-576459741916,0.8592733096320005,3.2475690122908016,-0.07861287536195859,-0.0561483839502377
629,-576459741830,0.852329864050634,3.242535205405136,-0.0816072389992046,-0.06010546421589729
630,-576459741753,0.8501183284118214,3.2357828225181944,-0.08225946086911246,-0.06625019354993264
631,-576459741686,0.8567873511720505,3.240120481392793,-0.07889669542354068,-0.06210690379847679
632,-576459741610,0.8507203523959108,3.2354384752584484,-0.0820365449387315,-0.0658256066133334
633,-576459741531,0.853725750750996,3.2370384008491957,-0.08011531494398154,-0.0642280069023596
634,-576459741454,0.8503345764479996,3.230727009140696,-0.08144309923834483,-0.06945002669063785
635,-576459741379,0.8595562460637974,3.236589089147229,-0.07671138263050196,-0.06346758151690442
636,-576459741310,0.852010964765642,3.233169846921172,-0.08047214022877948,-0.06584945224736669
637,-576459741232,0.863519597825597,3.240829090609209,-0.07429574875029565,-0.05905865379286844
638,-576459741156,0.852795305255914,3.2385504015004094,-0.07996175697172644,-0.0599028791771319
639,-576459741084,0.8577637714005133,3.241922223394356,-0.07748423062325462,-0.05699531308406648
640,-576459740986,0.8442348240630579,3.238411324480665,-0.08358035576967039,-0.06021694205066162
641,-576459740934,0.85741243943014,3.247912430915162,-0.07641641339030152,-0.051960855061913565
642,-576459740858,0.8574803274620788,3.241121123012427,-0.07611386894275454,-0.058004651305385214
643,-576459740782,0.8645402611872645,3.2458729885652353,-0.07261569196991707,-0.05339653110608056
644,-576459740702,0.8625534947264452,3.239947895981394,-0.07366934179933972,-0.05836307917633437
645,-576459740625,0.8658670843355425,3.2418182487248752,-0.07189758036963441,-0.05650022746217135
646,-576459740553,0.8553544958686256,3.239699057979284,-0.07793460078562209,-0.058225618078112884
647,-576459740485,0.8630918007270528,3.245013242842994,-0.07407660376987756,-0.05390193487770176
648,-576459740413,0.858269348424085,3.2409396643849364,-0.07674281139777663,-0.05765448182790178
649,-576459740329,0.8656758238095704,3.245996431089364,-0.07322493518433186,-0.052855966246623025
650,-576459740254,0.8581189202858891,3.242627590887271,-0.07738565611731578,-0.055635278564001925
651,-576459740185,0.8650643430143509,3.2475411957726914,-0.07389846370712493,-0.051416793862528495
652,-576459740096,0.8560386994916854,3.2441103525511847,-0.07865803586158662,-0.05434282147437837
653,-576459740031,0.8666573353892851,3.251856955658476,-0.07318238019513588,-0.04710663611123221
654,-576459739955,0.8582134941885577,3.24938690678072,-0.07806328769210459,-0.05001583818063202
655,-576459739879,0.860291927647349,3.2512871399895427,-0.07758281701696759,-0.048836632533293386
656,-576459739801,0.8563422208182067,3.246419896236613,-0.0792068919650394,-0.05369566994239397
657,-576459739722,0.862022377296187,3.2507305148847725,-0.07622455191528393,-0.04955920904661858
658,-576459739645,0.8611232006066876,3.244450680436942,-0.07616351138710128,-0.05530940329572999
659,-576459739574,0.872260318765959,3.252271146050067,-0.07038096769861549,-0.04999043131161214
660,-576459739465,0.8619575751143573,3.247628511635804,-0.07623112887932172,-0.054525389074582487
661,-576459739388,0.8707221194695719,3.254049573941157,-0.07230639501612574,-0.04906163362047796
662,-576459739316,0.863003764782284,3.251885654661526,-0.07637977289135328,-0.050908101839823895
663,-576459739244,0.8685592186323864,3.2561882101362642,-0.07344666193626723,-0.046781787898014245
664,-576459739160,0.8661743507838032,3.250745569563202,-0.07488062224456772,-0.0521608830919845
665,-576459739087,0.8719934939496338,3.2549854903501374,-0.07184253823661788,-0.04887757943381912
666,-576459739008,0.872625893311591,3.2482384861554197,-0.0710294153863592,-0.05577361388432704
667,-576459738934,0.8750611913807533,3.2494783831225535,-0.06943885919010005,-0.05523274130058469
668,-576459738858,0.869829398249965,3.245082215123121,-0.07213322819006432,-0.05798662810177107
669,-576459738775,0.8786517671737717,3.2508394724543415,-0.06797185533384774,-0.052229887510637056
670,-576459738713,0.8766588454893046,3.2463457860195475,-0.06883014135613025,-0.055563251473806974
671,-576459738627,0.8779102325627762,3.2465762688800517,-0.06822924398940353,-0.055593423631453774
672,-576459738551,0.8651899524893826,3.245649691403105,-0.07516085913910553,-0.05630208949539312
673,-576459738468,0.8739174637809479,3.251680040876011,-0.0708532717061393,-0.05126804726298937
674,-576459738391,0.8690827701723111,3.2471434941128474,-0.07298886690071997,-0.055444800273038136
675,-576459738319,0.8776271729560164,3.25296177405745,-0.06891398837295672,-0.05088212166275915
676,-576459738242,0.8773210392935189,3.2464862457887516,-0.06934610466885292,-0.056370640260986225
677,-576459738163,0.880885270473593,3.2484509328853166,-0.06853679066974444,-0.054560892313865246
